18 36
16 16 16 16 16 16 16 16 16 16 16 16 16 16 16 16 11 11 11 16 16 16 16 16 16 16 16 16 16 16 16 16 16 16 16 16 
16 16 16 16 16 16 16 16 16 16 16 16 16 16 16 16 11 11 11 16 16 16 16 16 16 16 16 16 16 16 16 16 16 16 16 16 
16 16 16 16 16 16 16 16 16 11 11 16 16 16 16 16 11 11 11 16 16 16 16 16 11 11 11 11 11 11 11 16 16 16 16 16 
16 16 16 16 16 16 11 11 11 11 16 16 16 16 16 11 11 11 11 11 16 16 16 16 16 16 16 16 16 16 11 11 11 11 16 16 
16 16 16 11 11 11 11 16 16 16 16 16 11 11 16 11 11 11 11 11 16 16 16 16 16 16 16 16 16 16 16 11 11 11 16 16 
16 11 11 11 16 11 16 16 16 16 16 11 16 16 16 11 11 11 11 11 16 16 16 16 16 11 11 16 16 16 16 16 11 11 16 16 
16 16 16 16 16 16 16 16 16 16 16 16 16 16 16 11 11 11 11 11 11 16 16 16 16 16 11 11 11 11 16 16 16 11 11 16 
16 16 11 11 11 11 11 11 16 16 16 16 16 16 11 11 11 11 11 11 11 16 16 16 16 16 16 16 16 11 11 16 16 16 11 11 
11 11 11 16 16 16 16 16 16 16 16 16 16 16 11 11 11 11 11 11 11 16 16 16 16 16 16 16 16 16 11 11 16 16 16 16 
16 16 16 16 16 16 16 16 16 16 16 16 16 11 11 11 11 11 11 11 11 11 11 16 16 16 16 16 16 16 16 16 16 16 16 16 
16 16 16 16 16 16 16 16 16 16 16 11 11 11 11 11 11 11 11 11 11 11 11 11 16 16 16 16 16 16 16 16 11 11 16 16 
16 16 11 16 16 3 3 3 3 3 3 11 11 11 11 11 11 11 11 11 11 11 11 11 11 3 3 3 3 3 16 11 11 16 16 16 
16 16 11 11 3 3 3 3 3 3 3 3 11 11 11 11 11 11 11 11 11 11 3 3 3 3 3 3 3 9 11 11 9 16 16 16 
9 9 9 11 11 11 3 3 3 3 3 3 3 3 3 3 3 11 3 3 3 3 3 3 3 3 3 11 11 11 11 9 9 9 9 9 
9 9 9 9 9 11 11 11 11 11 11 11 11 3 3 3 3 3 3 3 3 3 11 11 11 11 9 9 9 9 9 9 9 9 9 1 
1 1 1 9 9 9 9 9 9 9 9 9 9 9 9 9 9 9 9 9 9 9 9 9 9 9 9 9 9 9 9 9 1 1 1 1 
1 1 1 1 1 1 9 9 9 9 9 9 9 9 9 9 9 9 9 9 9 9 9 9 9 9 1 1 1 1 1 1 1 16 16 16 
16 16 16 16 1 1 1 1 1 1 1 1 1 1 1 1 1 1 1 1 1 1 1 1 1 1 1 1 1 1 1 16 16 16 16 16 
