18 36
0 0 0 0 0 0 0 0 0 0 0 0 0 0 0 16 16 16 16 16 16 16 0 0 0 0 0 0 0 0 0 0 0 0 0 0 
0 0 0 0 0 0 0 0 0 0 0 0 0 0 0 14 14 14 14 14 16 16 0 0 0 0 0 0 0 0 0 0 0 0 0 0 
0 0 0 0 0 0 0 0 0 0 0 0 0 0 0 0 14 14 14 14 10 0 0 0 0 0 0 0 0 0 0 0 0 0 0 0 
0 0 0 0 0 0 0 0 0 0 0 0 0 0 0 0 10 10 10 10 10 10 10 10 0 0 0 0 0 0 0 0 0 0 0 0 
0 0 12 0 0 0 0 0 0 14 14 14 10 10 10 10 14 14 14 10 10 10 10 10 0 0 0 0 0 0 0 0 0 0 0 0 
0 0 0 12 12 14 14 14 14 12 12 12 4 12 12 12 14 12 4 0 10 10 10 10 10 0 0 0 0 0 0 0 0 0 0 0 
0 0 0 0 0 0 0 0 0 0 4 0 0 0 0 0 0 0 0 0 0 9 9 9 16 16 16 0 0 0 0 0 0 0 0 0 
0 0 0 0 0 0 0 0 0 0 4 12 12 12 9 9 9 9 9 9 9 4 4 0 0 0 0 0 0 0 0 0 0 0 0 0 
0 0 0 16 16 16 16 16 16 16 4 0 4 9 9 9 9 9 12 12 12 4 4 4 4 4 16 16 16 16 16 16 16 0 0 0 
0 16 16 0 0 0 0 0 4 4 16 16 0 4 0 9 9 9 0 0 0 0 0 0 16 16 4 4 0 0 0 0 0 16 16 0 
16 16 0 0 0 0 4 4 0 0 0 16 16 0 4 0 0 9 9 16 16 0 4 16 16 0 0 0 0 0 0 0 0 0 16 16 
16 0 0 0 4 4 0 0 0 0 0 0 16 0 0 4 0 16 16 16 16 16 12 12 12 12 12 12 12 12 12 0 0 0 0 16 
16 16 0 0 0 0 0 0 0 0 0 16 16 0 0 4 0 4 12 0 0 0 0 16 16 4 4 4 4 4 0 0 0 0 16 16 
0 16 16 0 0 0 0 0 0 0 16 16 0 0 0 0 4 4 4 4 4 4 4 4 4 16 0 0 0 0 0 0 0 16 16 0 
0 0 0 16 16 16 16 16 16 16 0 0 0 0 0 0 0 0 0 0 0 4 4 4 0 0 16 16 16 16 16 16 16 0 0 0 
16 16 16 16 16 16 16 16 16 16 16 16 16 16 16 16 16 16 16 16 16 16 16 16 16 16 16 16 16 16 16 16 16 16 16 16 
16 16 16 16 16 16 16 16 16 16 16 16 16 16 16 16 16 16 16 16 16 16 16 16 16 16 16 16 16 16 16 16 16 16 16 16 
16 16 16 16 16 16 16 16 16 16 16 16 16 16 16 16 16 16 16 16 16 16 16 16 16 16 16 16 16 16 16 16 16 16 16 16 
