12 24
16 16 16 16 16 16 16 6 6 6 6 6 6 6 6 6 6 16 16 16 16 16 16 16 
16 16 16 16 6 6 6 6 14 14 8 14 14 8 14 14 6 6 6 6 16 16 16 16 
16 16 16 6 6 6 14 14 14 6 6 6 6 6 6 14 14 14 6 6 6 16 16 16 
16 6 6 6 14 14 14 14 14 6 6 14 14 6 6 14 14 14 14 14 6 6 6 16 
6 6 6 14 14 14 14 14 6 6 6 14 14 8 6 6 14 14 14 14 14 6 6 6 
6 6 14 14 14 14 14 14 14 6 6 6 6 8 14 14 14 14 14 14 14 14 6 6 
6 6 14 14 14 14 14 14 14 14 8 6 6 6 6 6 14 14 14 14 14 14 6 6 
6 6 6 14 14 14 14 14 6 14 8 14 14 8 6 6 14 14 14 14 14 14 6 6 
16 6 6 6 14 14 14 14 6 6 6 14 14 6 6 6 14 14 14 14 6 6 6 16 
16 16 16 6 6 6 6 14 14 6 6 6 6 6 6 14 14 6 6 6 6 16 16 16 
16 16 16 16 6 6 6 6 6 14 8 14 14 8 14 6 6 6 6 6 16 16 16 16 
16 16 16 16 16 16 16 6 6 6 6 6 6 6 6 6 6 16 16 16 16 16 16 16 
