18 36
0 0 0 0 0 0 0 0 0 0 0 0 0 0 0 0 0 0 0 10 15 16 10 10 15 16 10 0 0 0 0 0 0 0 0 0 
0 0 0 0 0 0 0 0 2 2 10 2 10 10 10 10 10 10 10 10 10 10 10 10 10 2 10 10 10 10 10 10 10 10 10 2 
0 0 0 0 2 2 10 2 2 10 2 10 2 2 2 10 2 10 10 10 10 10 10 2 2 2 2 2 7 2 7 2 7 2 7 2 
2 2 10 2 2 10 10 2 10 10 2 2 10 2 10 2 2 2 2 2 2 2 2 2 2 2 2 10 10 7 10 7 10 7 10 7 
2 2 2 2 2 2 2 2 2 2 2 2 2 2 2 2 2 2 2 2 2 2 2 2 2 2 2 2 10 10 10 10 10 10 10 0 
0 0 0 0 10 10 10 2 2 2 0 0 0 0 0 0 0 0 0 10 10 10 10 2 2 2 0 0 0 0 0 0 0 0 0 0 
0 0 0 0 0 10 10 10 10 2 2 2 0 0 0 0 0 0 0 0 10 10 10 10 10 2 2 2 0 0 0 0 0 0 0 0 
16 16 16 16 16 16 16 16 16 16 16 16 16 16 16 16 16 16 16 16 16 16 16 16 16 16 16 16 16 16 16 16 16 16 16 16 
16 16 16 16 16 16 16 16 16 16 16 16 16 16 16 16 16 16 16 16 16 16 16 16 16 16 16 16 16 16 16 16 16 16 16 16 
16 16 16 16 16 16 16 16 16 16 16 16 16 16 16 16 16 16 16 16 16 16 16 16 16 16 16 16 16 16 16 16 16 16 16 16 
16 16 16 16 16 16 16 16 16 16 16 16 16 16 16 16 16 16 16 16 16 16 16 16 16 16 16 16 16 16 16 16 16 16 16 16 
16 16 16 16 16 16 16 16 16 16 16 16 16 16 16 16 16 16 16 16 16 16 16 16 16 16 16 16 16 16 16 16 16 16 16 16 
16 16 16 16 16 16 16 16 16 16 16 16 16 16 16 16 16 16 16 16 16 16 16 16 16 16 16 16 16 16 16 16 16 16 16 16 
16 16 16 16 16 16 16 16 16 16 16 16 16 16 16 16 16 16 16 16 16 16 16 16 16 16 16 16 16 16 16 16 16 16 16 16 
16 16 16 16 16 16 16 16 16 16 16 16 16 16 16 16 16 16 16 16 16 16 16 16 16 16 16 16 16 16 16 16 16 16 16 16 
16 16 16 16 16 16 16 16 16 16 16 16 16 16 16 16 16 16 16 16 16 16 16 16 16 16 16 16 16 16 16 16 16 16 16 16 
16 16 16 16 16 16 16 16 16 16 16 16 16 16 16 16 16 16 16 16 16 16 16 16 16 16 16 16 16 16 16 16 16 16 16 16 
16 16 16 16 16 16 16 16 16 16 16 16 16 16 16 16 16 16 16 16 16 16 16 16 16 16 16 16 16 16 16 16 16 16 16 16 
