18 57
16 16 16 16 16 16 16 16 16 16 16 16 16 16 16 16 16 16 16 16 16 16 16 16 16 16 16 16 16 16 16 16 16 16 16 16 16 16 16 16 16 16 16 16 16 16 16 16 16 16 16 16 16 16 16 16 16 
16 16 16 16 16 16 6 6 6 6 6 6 6 6 6 6 16 16 16 16 16 16 16 16 16 16 16 16 16 16 16 16 16 16 16 16 16 16 16 16 16 16 16 16 16 16 16 16 16 16 16 16 16 16 16 16 16 
16 16 16 16 6 6 6 6 6 6 6 6 6 6 6 6 6 6 16 16 16 16 16 16 16 16 16 16 16 16 16 16 16 16 16 16 16 16 16 16 16 16 16 16 16 16 16 16 16 16 16 16 16 16 16 16 16 
16 16 16 6 14 14 14 6 6 6 6 6 6 6 14 14 14 6 6 6 6 6 6 6 6 6 16 16 16 16 16 16 16 16 16 16 16 16 16 16 16 16 16 16 16 16 16 16 16 16 16 16 16 16 16 16 16 
16 16 6 6 6 14 14 6 14 14 14 14 14 6 14 14 6 6 6 6 14 14 14 14 6 6 6 6 6 6 6 6 6 6 6 6 6 6 6 6 6 6 6 6 6 16 16 16 16 16 16 16 16 16 16 16 16 
16 16 6 6 6 6 6 14 14 14 14 14 14 14 6 6 6 6 6 6 6 14 14 14 14 14 14 14 14 14 14 14 14 14 14 14 14 14 14 14 14 14 6 6 6 6 6 16 16 16 16 16 16 16 16 16 16 
16 16 6 6 6 6 14 0 0 14 14 14 0 0 14 6 6 6 6 6 6 14 14 14 14 14 14 14 14 14 14 14 14 14 14 14 14 14 14 14 14 14 14 14 14 14 14 6 6 16 16 16 16 16 16 16 16 
16 16 6 6 6 14 14 14 0 14 14 14 0 14 14 14 6 6 6 6 6 14 14 14 14 14 14 14 14 14 14 14 14 14 14 14 14 14 14 14 14 14 14 14 14 14 14 14 6 6 16 16 16 16 16 16 16 
16 16 6 6 6 6 14 14 14 12 12 12 14 14 14 6 6 6 6 6 6 14 14 14 14 14 14 14 14 14 14 14 14 14 14 14 14 14 14 14 14 14 14 14 14 14 14 14 14 16 6 16 16 16 16 16 16 
16 16 6 6 6 6 14 14 14 14 0 14 14 14 14 6 6 6 6 6 6 14 14 14 14 14 14 14 14 14 14 14 14 14 14 14 14 14 14 14 14 14 14 14 14 14 14 14 6 16 6 16 16 16 16 16 16 
16 16 6 6 6 6 14 14 14 0 0 0 14 14 14 6 6 6 6 6 14 14 14 14 14 14 14 14 14 14 14 14 14 14 14 14 14 14 14 14 14 14 14 14 14 14 14 14 6 16 16 6 16 16 16 16 16 
16 16 6 6 6 6 6 0 0 14 14 14 0 0 6 6 6 6 6 6 14 14 14 14 14 14 14 14 14 14 14 14 14 14 14 14 14 14 14 14 14 14 14 14 14 14 14 6 6 16 16 16 6 16 16 16 16 
16 16 16 6 6 6 6 6 6 6 6 6 6 6 6 6 6 6 6 14 14 14 14 14 14 14 14 14 6 6 6 6 16 16 16 16 16 6 6 14 14 14 14 14 14 14 14 6 16 16 16 16 6 16 16 16 16 
16 16 16 16 6 6 6 6 6 6 6 6 6 6 6 6 6 14 14 6 6 6 14 14 14 14 14 6 16 16 16 16 16 16 16 16 16 16 6 6 6 6 14 14 14 14 14 6 16 16 16 16 0 16 16 16 16 
16 16 16 16 16 16 6 6 6 6 6 6 6 6 6 6 6 6 6 6 6 6 16 6 14 14 14 6 16 16 16 16 16 16 16 16 16 16 16 6 6 6 6 16 6 14 14 14 6 16 16 16 16 16 16 16 16 
16 16 16 16 16 16 16 16 16 16 16 16 16 16 16 16 16 6 6 6 6 16 16 6 14 14 14 14 6 16 16 16 16 16 16 16 16 16 6 6 6 6 6 16 16 16 6 14 14 6 16 16 16 16 16 16 16 
16 16 16 16 16 16 16 16 16 16 16 16 16 16 16 6 6 6 6 6 6 16 16 6 14 14 14 6 16 16 16 16 16 16 16 16 6 6 6 6 6 6 16 16 6 14 14 14 6 16 16 16 16 16 16 16 16 
16 16 16 16 16 16 16 16 16 16 16 16 16 6 6 6 6 6 6 6 16 6 14 14 14 14 6 16 16 16 16 16 16 16 6 6 6 6 6 6 6 16 6 14 14 14 14 6 16 16 16 16 16 16 16 16 16 
