18 36
0 0 6 6 6 6 6 6 6 6 6 6 6 6 0 0 0 0 0 0 0 0 0 0 0 0 0 0 0 0 0 0 0 0 0 0 
0 6 6 6 6 6 6 6 6 6 6 6 6 6 6 0 0 0 0 0 0 0 0 0 0 0 0 0 0 0 0 0 0 0 0 0 
6 6 6 6 14 14 14 14 14 14 14 14 6 6 6 6 0 0 0 0 0 0 0 0 0 0 0 0 0 0 0 0 0 0 0 0 
6 6 6 14 14 16 15 14 14 16 15 14 14 6 6 6 6 6 6 6 6 6 6 6 6 6 6 6 6 6 0 0 0 0 0 0 
6 6 6 14 14 16 16 14 14 16 16 14 14 6 6 6 14 6 6 6 6 6 6 14 14 14 14 14 6 6 6 6 6 6 6 0 
6 6 6 14 14 14 14 6 6 14 14 14 14 6 6 6 14 14 14 14 14 14 14 14 14 14 14 14 14 14 14 14 14 14 14 6 
6 6 6 6 14 14 6 6 6 6 14 14 6 6 6 6 14 14 14 14 14 14 14 14 14 14 14 14 14 14 14 14 6 0 0 6 
6 6 6 6 14 6 6 14 14 6 6 14 6 6 6 6 14 14 14 14 14 14 14 14 14 14 14 14 14 14 14 14 6 0 6 0 
6 6 6 6 6 14 14 14 14 14 14 6 6 6 6 6 14 14 14 14 14 14 14 14 6 14 14 14 14 14 14 14 6 0 6 6 
6 6 6 6 6 14 14 14 14 14 14 6 6 6 6 6 14 14 14 14 14 14 14 6 14 14 14 14 14 14 14 14 6 0 6 6 
0 6 6 6 6 6 6 6 6 6 6 6 6 6 6 6 14 14 14 14 14 14 14 6 14 14 14 14 14 14 14 14 6 0 0 6 
0 0 6 6 6 6 6 6 6 6 6 6 6 6 6 14 14 14 14 14 14 14 14 14 6 14 14 14 14 14 14 14 6 0 6 6 
0 0 0 6 6 6 6 6 6 6 6 6 6 6 14 14 14 14 14 14 14 14 14 14 14 6 6 6 6 6 14 6 6 0 6 6 
0 0 0 0 0 0 0 0 0 0 6 14 14 14 14 6 6 6 6 6 6 6 6 6 6 6 6 6 14 14 14 6 0 0 0 0 
0 0 0 0 0 0 0 0 0 0 6 14 14 14 6 0 0 0 0 0 0 0 0 0 0 0 6 6 6 14 14 6 0 0 0 0 
0 0 0 0 0 0 0 0 0 0 6 14 14 14 6 0 0 0 0 0 0 0 0 0 0 0 6 6 6 14 14 6 0 0 0 0 
0 0 0 0 0 0 0 0 0 6 14 14 14 14 6 0 0 0 0 0 0 0 0 0 0 6 6 6 14 14 14 6 0 0 0 0 
0 0 0 0 0 0 0 6 6 6 6 6 6 6 6 0 0 0 0 0 0 0 0 0 6 6 6 6 6 6 6 6 0 0 0 0 
