18 57
16 16 16 16 16 16 16 16 16 16 16 16 16 16 16 16 16 16 16 16 16 16 16 16 16 16 16 16 16 16 16 16 16 16 16 16 16 16 16 16 16 16 16 16 16 16 16 16 16 16 16 16 16 16 16 16 16 
16 16 16 16 16 16 16 16 16 15 15 16 16 16 16 15 15 8 16 16 16 16 16 16 16 16 16 16 16 16 16 16 16 16 16 16 16 16 16 16 16 16 16 16 16 16 16 16 16 16 16 16 16 16 16 16 16 
16 16 16 16 16 16 16 15 15 8 8 16 15 15 15 8 16 16 16 16 16 16 16 16 16 16 16 16 16 16 16 16 16 16 16 16 16 16 16 16 16 16 16 16 16 16 16 16 16 16 16 16 16 16 16 16 16 
16 16 16 16 16 15 15 15 8 16 16 15 15 8 8 16 16 16 16 16 16 15 15 16 16 16 16 16 16 16 16 16 16 16 16 16 16 16 16 16 16 16 16 16 16 16 16 16 16 16 16 16 16 16 16 16 16 
16 16 16 16 15 15 15 8 8 15 15 15 15 8 16 16 16 16 16 15 15 15 15 15 15 15 15 15 15 15 15 15 15 16 16 16 16 16 16 16 16 16 16 16 16 16 16 16 16 16 16 16 16 16 16 16 16 
16 16 16 15 15 15 15 15 15 15 15 15 15 15 15 15 15 15 15 15 15 15 15 15 15 15 15 15 15 15 15 15 15 15 15 15 15 15 15 15 15 15 15 15 15 15 15 15 15 15 15 15 16 16 16 16 16 
16 15 15 15 15 15 15 15 15 15 15 15 15 15 15 15 15 15 15 15 0 0 15 15 15 15 15 15 15 15 15 15 15 15 15 15 15 15 15 15 15 15 15 15 15 15 15 15 15 15 15 15 15 15 15 15 16 
15 15 15 15 15 15 15 15 15 15 15 15 15 15 15 15 15 15 15 15 0 0 15 15 15 15 15 15 15 15 15 15 15 15 15 15 15 15 15 15 15 15 15 15 15 15 15 15 15 15 15 15 15 15 15 15 7 
7 15 15 15 15 15 15 15 15 15 15 15 15 15 15 15 15 15 15 15 15 15 15 15 15 15 15 15 15 15 15 15 15 15 15 15 15 15 15 15 15 15 15 15 15 15 15 15 15 15 15 15 15 15 15 15 7 
16 8 8 8 8 8 8 8 8 8 8 7 7 7 7 7 7 7 7 15 15 15 15 15 15 15 15 15 15 15 15 15 15 15 15 15 15 15 15 15 15 15 15 15 15 15 15 15 15 15 15 15 15 15 15 15 7 
16 7 8 8 8 8 8 7 7 7 7 7 7 7 7 7 7 7 7 15 15 15 15 15 15 15 15 15 15 15 15 15 15 15 15 15 15 15 15 15 15 15 15 15 15 15 15 15 15 15 15 15 15 15 15 15 7 
16 15 15 15 7 7 7 15 15 15 15 15 15 15 15 15 15 15 15 7 7 15 15 15 15 15 15 15 15 15 15 15 15 15 15 15 15 15 15 15 15 15 15 15 15 15 15 15 15 15 15 15 15 15 15 15 7 
16 16 16 16 16 16 16 16 16 16 16 16 16 15 15 15 15 15 15 15 15 15 15 15 15 15 15 15 15 15 15 15 15 15 15 15 15 15 15 15 15 15 15 15 15 15 15 15 15 15 15 15 15 15 15 15 7 
16 16 16 16 16 16 16 16 16 16 16 16 16 16 16 16 16 16 16 16 0 8 8 8 15 15 15 15 15 15 15 15 15 15 15 15 8 8 8 15 15 15 15 15 15 15 15 15 15 15 15 8 15 15 15 15 16 
16 16 16 16 16 16 16 16 16 16 16 16 16 16 16 16 16 16 8 8 8 8 8 8 7 7 7 7 7 7 7 8 8 8 8 8 15 15 15 15 15 15 15 8 8 8 8 8 8 8 8 7 7 7 7 15 16 
16 16 16 16 16 16 16 16 16 16 16 16 16 16 16 8 8 8 8 8 8 8 8 8 8 7 7 7 7 7 7 7 16 16 16 16 16 16 16 16 16 16 16 16 8 8 8 8 8 8 16 16 16 7 7 7 7 
16 16 16 16 16 16 16 16 16 16 16 16 16 16 8 8 8 8 8 8 16 16 16 16 7 7 7 7 7 7 7 7 16 16 16 16 16 16 16 16 16 16 8 8 8 8 8 8 16 16 16 7 7 7 7 7 7 
16 16 16 16 16 16 16 16 16 16 16 16 16 16 16 16 16 16 16 16 16 16 16 16 16 16 16 16 16 16 16 16 16 16 16 16 16 16 16 16 16 16 16 16 16 16 16 16 16 16 16 16 16 16 16 16 16 
