18 36
0 0 0 0 0 0 0 0 0 0 0 0 0 0 0 0 0 0 0 0 0 0 0 0 0 0 0 0 0 3 3 3 0 16 16 16 
0 0 0 0 0 0 0 0 0 0 0 0 0 0 0 0 0 0 0 0 0 0 0 0 0 3 3 3 3 3 3 0 0 16 16 16 
0 0 0 0 0 0 0 0 0 0 0 0 0 0 0 0 0 0 0 0 3 3 3 3 3 3 3 3 3 3 3 0 0 16 16 16 
0 0 0 0 0 0 0 0 0 0 0 3 3 3 3 3 3 3 3 3 3 3 3 3 3 3 3 3 3 0 0 0 0 16 16 16 
0 0 3 3 3 3 3 3 3 3 3 3 3 3 3 3 16 16 3 3 3 3 3 3 3 3 3 3 0 0 0 0 0 16 16 16 
0 0 0 3 4 4 4 4 4 4 3 3 3 3 3 3 3 16 3 3 3 3 3 3 3 3 3 3 3 0 0 0 0 16 16 16 
0 0 0 0 4 4 3 3 3 3 4 4 4 3 3 3 3 3 3 3 3 3 3 3 3 3 3 3 3 3 3 3 0 16 16 16 
0 0 0 0 0 0 3 7 7 7 7 7 7 7 7 3 3 3 3 3 3 3 3 3 3 3 3 3 3 3 3 3 3 16 16 16 
0 0 0 0 0 0 0 0 0 15 7 7 7 7 7 7 7 7 7 7 3 3 3 3 3 3 3 3 3 3 3 3 3 16 16 16 
0 0 15 15 15 15 15 1 1 0 15 15 15 15 15 7 7 7 7 7 7 15 15 15 15 15 15 15 15 3 3 3 3 16 16 16 
0 15 0 1 1 1 1 1 1 1 1 1 0 0 0 15 15 15 15 15 15 15 15 7 15 7 15 15 15 15 15 1 1 16 16 16 
1 1 1 0 0 0 0 0 0 0 0 15 1 15 15 15 15 15 1 1 1 1 1 1 1 1 1 1 1 15 15 15 1 16 16 16 
0 0 0 0 0 0 0 15 15 15 0 1 1 1 1 1 1 1 1 1 1 1 0 0 0 0 0 0 0 1 1 1 1 16 16 16 
16 16 16 16 16 16 16 16 16 16 16 16 16 16 16 16 16 16 16 16 16 16 16 16 16 16 16 16 16 16 16 16 16 16 16 16 
16 16 16 16 16 16 16 16 16 16 16 16 16 16 16 16 16 16 16 16 16 16 16 16 16 16 16 16 16 16 16 16 16 16 16 16 
16 16 16 16 16 16 16 16 16 16 16 16 16 16 16 16 16 16 16 16 16 16 16 16 16 16 16 16 16 16 16 16 16 16 16 16 
16 16 16 16 16 16 16 16 16 16 16 16 16 16 16 16 16 16 16 16 16 16 16 16 16 16 16 16 16 16 16 16 16 16 16 16 
16 16 16 16 16 16 16 16 16 16 16 16 16 16 16 16 16 16 16 16 16 16 16 16 16 16 16 16 16 16 16 16 16 16 16 16 
