18 54
16 16 16 16 16 16 16 16 16 16 16 16 16 16 16 16 16 16 16 16 16 16 16 16 16 16 16 16 16 16 16 16 16 16 16 16 16 16 16 16 16 16 16 16 16 16 16 16 16 16 16 16 16 16 
16 16 16 16 16 16 16 16 16 16 16 16 16 16 16 16 16 16 16 16 16 16 16 16 16 16 0 0 0 0 0 16 16 16 16 16 16 16 16 16 16 16 16 16 16 16 16 16 16 16 16 16 16 16 
16 16 16 16 16 16 16 16 16 16 16 16 16 16 16 16 16 16 16 16 16 16 16 16 16 0 14 14 14 14 14 16 16 16 16 16 16 16 16 16 16 16 16 16 16 16 16 16 16 16 16 16 16 16 
16 16 16 16 16 16 16 16 16 16 16 16 16 16 16 16 16 16 16 16 16 16 16 16 2 10 10 14 14 14 14 14 16 16 16 16 16 16 16 16 16 16 16 16 16 16 16 16 16 16 16 16 16 16 
16 16 16 16 16 16 16 16 16 16 16 16 16 16 16 16 16 16 16 16 10 10 10 10 10 10 10 10 10 10 16 16 16 16 16 16 16 16 16 16 16 16 16 16 16 16 16 16 16 16 16 16 16 16 
16 16 16 16 16 16 16 16 16 16 16 16 16 16 16 16 16 16 2 2 10 10 10 10 10 10 10 10 10 10 10 10 10 16 16 16 16 16 16 16 16 16 16 16 16 16 16 16 16 16 16 16 16 16 
16 16 16 16 16 16 16 16 16 16 16 16 16 16 16 16 2 2 2 16 16 16 16 2 10 10 10 10 10 16 16 2 2 2 2 2 2 16 16 16 16 16 16 16 16 16 16 16 16 16 16 16 16 16 
16 16 16 16 16 16 16 16 16 16 16 16 16 16 14 14 14 16 16 16 16 16 2 10 2 10 10 16 16 16 16 16 16 2 2 14 14 14 16 16 16 16 16 16 16 16 16 16 16 16 16 16 16 16 
16 16 16 16 16 16 16 16 16 16 16 16 16 16 14 14 16 16 16 16 16 16 2 10 10 10 10 16 16 16 16 16 16 16 16 16 16 16 16 16 16 16 16 16 16 16 16 16 16 16 16 16 16 16 
16 16 16 16 16 16 16 16 16 16 16 16 16 16 16 16 16 16 16 16 16 12 12 12 12 12 12 12 16 16 16 16 16 16 16 16 16 16 16 16 16 16 16 16 16 16 16 16 16 16 16 16 16 16 
16 16 16 16 16 16 16 16 16 16 16 16 16 16 16 16 16 16 16 16 16 16 12 12 12 12 12 12 12 12 12 12 16 16 16 16 16 16 16 16 16 16 16 16 16 16 16 16 16 16 16 16 16 16 
16 16 16 16 16 16 16 16 16 16 16 16 16 16 16 16 16 16 16 16 16 16 16 12 12 16 16 16 16 16 12 12 12 12 12 16 16 16 16 16 16 13 13 13 13 13 13 13 16 16 16 16 16 16 
16 16 16 16 16 16 16 16 16 16 16 16 16 16 16 16 16 16 16 16 16 16 16 12 12 12 16 16 16 16 16 16 12 12 12 16 13 13 13 13 13 13 13 13 13 13 13 13 13 16 16 16 16 16 
16 16 16 16 16 16 16 16 16 16 13 16 16 16 16 16 16 16 16 16 16 12 12 12 12 12 16 16 16 16 13 13 13 13 13 13 13 13 13 13 13 13 13 13 13 13 13 16 16 16 16 16 16 16 
16 16 16 16 15 15 15 15 16 16 9 13 13 13 13 13 13 13 13 13 13 12 12 12 13 13 13 13 13 13 13 13 13 13 13 13 13 15 15 15 15 15 15 15 15 15 15 15 16 16 15 16 16 16 
15 15 15 15 16 9 9 9 15 15 15 15 15 15 15 15 15 15 15 15 15 15 15 15 15 15 15 15 15 9 15 9 9 9 9 9 11 15 15 15 15 15 15 15 15 15 15 15 15 16 15 15 15 15 
16 16 16 16 9 16 16 16 16 16 16 16 16 16 16 16 9 9 16 16 16 15 15 16 16 15 15 9 9 9 9 15 15 9 9 9 9 9 16 16 16 16 16 16 16 15 16 15 15 15 16 16 16 16 
16 16 16 16 16 16 16 16 16 16 16 16 16 16 16 16 16 16 16 16 16 16 16 15 15 16 16 16 16 16 16 16 16 15 15 16 16 16 16 16 16 16 16 16 15 16 16 16 16 16 16 16 16 16 
