18 36
0 0 0 0 0 0 0 0 0 0 0 0 0 0 0 0 0 0 0 0 0 0 0 16 0 0 0 0 0 0 0 0 0 0 0 0 
0 0 0 0 0 0 0 0 0 0 0 0 0 0 0 0 0 0 0 0 0 0 16 16 16 16 16 0 0 0 0 0 0 0 0 0 
0 0 0 0 0 0 0 0 0 0 0 0 0 0 0 0 0 0 0 0 0 0 0 14 14 16 16 0 0 0 0 0 0 0 0 0 
0 0 0 0 0 0 0 0 0 0 0 0 0 0 0 0 0 0 0 0 0 0 0 0 14 14 0 0 0 0 0 0 0 0 0 0 
0 0 0 0 0 0 0 0 0 0 0 0 0 0 0 0 0 0 0 0 10 10 10 10 10 10 10 0 0 0 0 0 0 0 0 0 
0 0 0 0 0 0 0 0 0 0 0 0 0 0 0 14 14 14 14 10 10 0 10 10 10 10 10 10 0 0 0 0 0 0 0 0 
0 0 0 0 0 0 0 0 0 0 0 0 0 0 0 0 0 0 0 0 0 0 10 10 10 0 0 10 14 0 0 0 0 0 0 0 
0 0 0 0 0 0 0 0 0 0 0 0 0 0 0 0 0 6 6 6 6 6 6 6 6 0 14 14 14 0 0 0 0 0 0 0 
0 0 0 0 0 0 0 0 0 0 0 0 0 0 0 0 6 6 6 6 0 0 0 6 6 14 14 0 0 0 0 0 0 0 0 0 
12 12 12 12 12 12 0 0 0 0 0 0 0 0 0 6 6 6 0 0 0 0 0 6 6 0 0 0 0 0 0 0 0 0 0 0 
12 12 12 12 12 12 12 12 12 12 12 12 12 12 12 12 12 0 0 0 0 6 6 6 6 6 0 0 0 0 0 0 0 0 0 0 
0 4 4 4 4 4 4 4 4 4 4 12 12 12 12 12 4 4 4 4 4 6 4 4 4 4 4 4 4 4 0 0 0 0 0 0 
0 0 0 0 15 15 15 4 4 4 12 12 12 4 4 15 15 15 15 4 4 4 4 4 4 4 4 4 4 4 4 4 4 4 4 4 
0 0 0 0 0 0 0 15 0 15 15 15 15 15 15 11 11 11 15 15 15 15 15 15 4 15 4 4 15 11 15 15 15 15 4 4 
0 0 0 0 9 9 9 9 9 11 11 11 9 9 9 9 9 9 9 9 9 9 9 9 9 9 15 15 9 15 15 15 9 9 9 9 
0 0 0 0 0 0 0 0 0 0 9 9 0 0 0 0 0 0 0 0 0 0 0 0 0 0 0 0 15 15 9 9 0 0 0 0 
16 16 16 16 16 16 16 16 16 16 16 16 16 16 16 16 16 16 16 16 16 16 16 16 16 16 16 16 16 16 16 16 16 16 16 16 
16 16 16 16 16 16 16 16 16 16 16 16 16 16 16 16 16 16 16 16 16 16 16 16 16 16 16 16 16 16 16 16 16 16 16 16 
