18 54
16 16 16 16 16 16 16 16 16 16 16 16 16 16 16 16 16 16 16 16 16 16 16 16 16 16 16 16 16 16 16 16 16 16 16 16 16 16 16 16 16 16 16 16 16 16 16 16 16 16 16 16 16 16 
16 16 16 16 16 16 16 16 16 16 16 16 16 16 16 16 16 16 16 16 16 16 16 0 0 0 0 0 16 16 16 16 16 16 16 16 16 16 16 16 16 16 16 16 16 16 16 16 16 16 16 16 16 16 
16 16 16 16 16 16 16 16 16 16 16 16 16 16 16 16 16 16 16 16 16 16 16 14 14 14 14 14 0 16 16 16 16 16 16 16 16 16 16 16 16 16 16 16 16 16 16 16 16 16 16 16 16 16 
16 16 16 16 16 16 16 16 16 16 16 16 16 16 16 16 16 16 16 16 16 16 14 14 14 14 14 10 10 2 16 16 16 16 16 16 16 16 16 16 16 16 16 16 16 16 16 16 16 16 16 16 16 16 
16 16 16 16 16 16 16 16 16 16 16 16 16 16 16 16 16 16 16 16 16 16 16 16 10 10 10 10 10 10 10 10 10 10 16 16 16 16 16 16 16 16 16 16 16 16 16 16 16 16 16 16 16 16 
16 16 16 16 16 16 16 16 16 16 16 16 16 16 16 16 16 16 16 16 16 10 10 10 10 10 10 10 10 10 10 10 10 10 2 2 16 16 16 16 16 16 16 16 16 16 16 16 16 16 16 16 16 16 
16 16 16 16 16 16 16 16 16 16 16 16 16 16 16 16 16 2 2 2 2 2 2 16 16 10 10 10 10 10 2 16 16 16 16 2 2 2 16 16 16 16 16 16 16 16 16 16 16 16 16 16 16 16 
16 16 16 16 16 16 16 16 16 16 16 16 16 16 16 16 14 14 14 2 2 16 16 16 16 16 16 10 10 2 10 2 16 16 16 16 16 14 14 14 16 16 16 16 16 16 16 16 16 16 16 16 16 16 
16 16 16 16 16 16 16 16 16 16 16 16 16 16 16 16 16 16 16 16 16 16 16 16 16 16 16 10 10 10 10 2 16 16 16 16 16 16 14 14 16 16 16 16 16 16 16 16 16 16 16 16 16 16 
16 16 16 16 16 16 16 16 16 16 16 16 16 16 16 16 16 16 16 16 16 16 16 16 16 16 12 12 12 12 12 12 12 16 16 16 16 16 16 16 16 16 16 16 16 16 16 16 16 16 16 16 16 16 
16 16 16 16 16 16 16 16 16 16 16 16 16 16 16 16 16 16 16 16 16 16 12 12 12 12 12 12 12 12 12 12 16 16 16 16 16 16 16 16 16 16 16 16 16 16 16 16 16 16 16 16 16 16 
16 16 16 16 16 16 13 13 13 13 13 13 13 16 16 16 16 16 16 12 12 12 12 12 16 16 16 16 16 12 12 16 16 16 16 16 16 16 16 16 16 16 16 16 16 16 16 16 16 16 16 16 16 16 
16 16 16 16 16 13 13 13 13 13 13 13 13 13 13 13 13 13 16 12 12 12 16 16 16 16 16 16 12 12 12 16 16 16 16 16 16 16 16 16 16 16 16 16 16 16 16 16 16 16 16 16 16 16 
16 16 16 16 16 16 16 13 13 13 13 13 13 13 13 13 13 13 13 13 13 13 13 13 16 16 16 16 12 12 12 12 12 16 16 16 16 16 16 16 16 16 7 7 7 16 16 16 16 16 16 16 16 16 
16 16 16 15 16 16 15 15 15 15 15 15 15 15 15 15 15 13 13 13 13 13 13 13 13 13 13 13 13 13 12 12 12 16 16 16 7 7 7 7 7 7 9 9 7 7 7 16 16 16 16 16 16 16 
15 15 15 15 16 15 15 15 15 15 15 15 15 15 15 15 15 11 9 9 9 9 9 15 9 15 15 15 15 15 15 15 15 15 7 7 7 11 11 11 9 9 9 9 9 9 7 7 7 7 7 16 16 16 
16 16 16 16 15 15 15 16 15 16 16 16 16 16 16 16 9 9 9 9 9 15 15 9 9 9 9 15 15 16 16 15 15 16 11 11 11 11 11 16 16 11 11 16 16 16 16 16 16 16 16 16 16 16 
16 16 16 16 16 16 16 16 16 15 16 16 16 16 16 16 16 16 16 15 15 16 16 16 16 16 16 16 16 15 15 16 16 16 16 16 16 16 16 16 16 16 16 16 16 16 16 16 16 16 16 16 16 16 
