17 16
0 0 0 0 0 0 0 0 0 0 0 0 0 0 0 0 
0 0 0 0 0 4 4 4 4 4 4 0 0 0 0 0 
0 0 0 4 4 12 12 12 12 12 12 4 4 0 0 0 
0 0 4 12 12 12 12 12 12 12 12 12 12 4 0 0 
0 4 12 12 12 12 12 12 12 12 12 12 12 12 4 0 
0 4 12 12 12 12 12 12 12 12 12 12 12 12 4 0 
0 0 4 12 12 12 12 12 12 12 12 12 12 4 0 0 
0 0 0 4 4 12 12 12 12 12 12 4 4 0 0 0 
0 0 0 0 0 4 4 4 4 4 4 0 0 0 0 0 
0 0 0 0 0 0 0 0 0 0 0 0 0 0 0 0 
0 0 0 0 0 0 0 0 0 0 0 0 0 0 0 0 
0 0 0 0 0 0 0 0 0 0 0 0 0 0 0 0 
0 0 0 0 0 0 0 0 0 0 0 0 0 0 0 0 
0 0 0 0 0 0 0 0 0 0 0 0 0 0 0 0 
0 0 0 0 0 0 0 0 0 0 0 0 0 0 0 0 
0 0 0 0 0 0 0 0 0 0 0 0 0 0 0 0 
0 0 0 0 0 0 0 0 0 0 0 0 0 0 0 0 
