18 18
8 8 0 0 0 0 0 0 0 0 0 0 0 0 0 0 8 8 
8 8 0 0 0 0 0 0 0 0 0 0 0 0 0 0 8 8 
8 8 0 0 0 0 0 0 0 0 0 0 0 0 0 0 8 8 
8 8 0 0 0 0 0 0 0 0 0 0 0 0 0 0 8 8 
8 8 0 0 0 0 0 0 0 0 0 0 0 0 0 0 8 8 
8 8 0 0 0 0 0 0 0 0 0 0 0 0 0 0 8 8 
8 8 0 0 0 0 0 0 0 0 0 0 0 0 0 0 8 8 
8 8 0 0 0 0 0 0 0 0 0 0 0 0 0 0 8 8 
8 8 0 0 0 0 0 0 0 0 0 0 0 0 0 0 8 8 
8 8 0 0 0 0 2 2 2 2 2 2 0 0 0 0 8 8 
8 8 0 0 2 2 10 10 10 10 10 10 2 2 0 0 8 8 
8 8 0 2 10 10 10 10 10 10 10 10 10 10 2 0 8 8 
8 8 2 10 10 10 10 10 10 10 10 10 10 10 10 2 8 8 
8 8 2 10 10 10 10 10 10 10 10 10 10 10 10 2 8 8 
8 8 0 2 10 10 10 10 10 10 10 10 10 10 2 0 8 8 
8 8 0 0 2 2 10 10 10 10 10 10 2 2 0 0 8 8 
8 8 0 0 0 0 2 2 2 2 2 2 0 0 0 0 8 8 
8 8 0 0 0 0 0 0 0 0 0 0 0 0 0 0 8 8 
