18 80
16 16 16 16 16 16 16 16 16 16 16 16 16 16 16 16 16 16 16 16 16 16 16 16 16 16 16 16 16 16 16 16 16 16 16 16 16 16 16 16 16 16 16 16 16 16 16 16 16 16 16 16 16 16 16 16 16 16 16 16 16 16 16 16 16 16 16 16 16 16 16 16 16 16 16 16 16 16 16 16 
16 16 16 16 16 16 16 16 16 16 16 16 16 16 16 16 16 16 16 16 16 16 16 16 16 16 16 16 16 3 3 3 3 3 3 3 3 3 3 3 3 3 3 3 3 3 3 3 3 3 3 3 3 3 3 3 3 3 3 3 3 3 3 3 3 3 3 3 3 3 3 3 3 3 3 3 3 3 3 16 
16 16 16 16 16 16 16 16 16 16 16 16 16 16 16 16 16 16 16 16 16 16 16 16 16 16 16 16 16 3 3 3 3 3 3 3 3 3 3 3 3 3 3 3 3 3 3 3 3 3 3 3 3 3 3 3 3 3 3 3 3 3 3 3 3 3 3 3 3 3 3 3 3 3 3 3 3 3 3 16 
16 16 16 16 16 16 16 16 16 16 16 16 16 16 15 15 15 15 15 15 15 9 9 9 9 9 9 16 16 3 3 3 3 7 7 7 7 7 7 7 7 7 7 7 7 7 7 7 7 7 7 7 7 7 7 7 7 7 7 7 7 7 7 7 7 7 7 7 7 7 7 7 7 7 7 3 3 3 3 16 
16 16 16 16 16 16 16 16 16 16 16 16 15 15 15 15 15 15 15 15 15 9 9 1 1 9 9 7 7 3 3 3 3 7 7 7 7 7 7 7 7 7 7 7 7 7 7 7 7 7 7 7 7 7 7 7 7 7 7 7 7 7 7 7 7 7 7 7 7 7 7 7 7 7 7 3 3 3 3 16 
16 16 16 16 16 16 16 16 16 16 15 15 15 15 15 15 15 15 15 15 15 9 9 1 1 9 9 7 7 3 3 3 3 7 7 7 7 7 7 7 7 7 7 7 7 7 7 7 7 7 7 7 7 7 7 7 7 7 7 7 7 7 7 7 7 7 7 7 7 7 7 7 7 7 7 3 3 3 3 16 
16 16 16 16 16 16 16 16 16 15 15 15 15 15 15 15 15 15 15 15 15 9 9 1 1 9 9 7 7 3 3 3 3 7 7 7 7 7 7 7 7 7 7 7 7 7 7 7 7 7 7 7 7 7 7 7 7 7 7 7 7 7 7 7 7 7 7 7 7 7 7 7 7 7 7 3 3 3 3 16 
16 16 16 16 16 16 16 9 9 15 15 15 15 15 15 15 15 15 15 9 9 9 9 1 1 9 9 7 7 3 3 3 3 7 7 7 7 7 7 7 7 7 7 7 7 7 7 7 7 7 7 7 7 7 7 7 7 7 7 7 7 7 7 7 7 7 7 7 7 7 7 7 7 7 7 3 3 3 3 16 
16 16 16 1 1 1 1 9 9 15 15 15 15 15 15 15 15 9 9 9 9 9 9 1 1 9 9 7 7 3 3 3 3 7 7 7 7 7 7 7 7 7 7 7 7 7 7 7 7 7 7 7 7 7 7 7 7 7 7 7 7 7 7 7 7 7 7 7 7 7 7 7 7 7 7 3 3 3 3 16 
16 15 15 15 1 1 1 1 1 1 1 9 9 9 9 9 9 9 9 1 1 1 1 1 1 9 9 7 7 3 3 3 3 7 7 7 7 7 7 7 7 7 7 7 7 7 7 7 7 7 7 7 7 7 7 7 7 7 7 7 7 7 7 7 7 7 7 7 7 7 7 7 7 7 7 3 3 3 3 16 
16 15 15 1 1 1 1 1 1 1 1 9 9 9 9 9 9 1 1 1 1 1 1 1 1 9 9 7 7 3 3 3 3 7 7 7 7 7 7 7 7 7 7 7 7 7 7 7 7 7 7 7 7 7 7 7 7 7 7 7 7 7 7 7 7 7 7 7 7 7 7 7 7 7 7 3 3 3 3 16 
16 15 1 1 1 1 1 1 1 1 1 9 9 9 9 9 9 1 1 1 1 1 1 1 1 9 9 7 7 3 3 3 3 7 7 7 7 7 7 7 7 7 7 7 7 7 7 7 7 7 7 7 7 7 7 7 7 7 7 7 7 7 7 7 7 7 7 7 7 7 7 7 7 7 7 3 3 3 3 16 
16 1 1 1 1 1 1 1 1 1 1 9 9 9 9 9 9 1 1 1 1 1 1 1 1 9 9 7 7 3 3 3 3 3 3 3 3 3 3 3 3 3 3 3 3 3 3 3 3 3 3 3 3 3 3 3 3 3 3 3 3 3 3 3 3 3 3 3 3 3 3 3 3 3 3 3 3 3 3 16 
16 1 1 1 1 1 1 9 9 9 0 0 0 0 0 0 0 9 9 9 9 9 9 9 9 9 9 16 16 16 16 3 3 3 3 3 3 3 0 0 0 0 0 0 0 3 3 3 3 3 3 3 3 3 3 3 3 3 3 3 3 3 3 3 0 0 0 0 0 0 0 3 3 3 3 16 16 3 12 12 
16 1 1 1 1 1 1 9 9 0 0 0 8 8 8 0 0 0 9 9 9 9 9 9 9 9 9 16 16 16 16 3 3 3 3 3 3 0 0 0 8 8 8 0 0 0 3 3 3 3 3 3 3 3 3 3 3 3 3 3 3 3 3 0 0 0 8 8 8 0 0 0 3 3 3 16 16 3 12 12 
16 16 16 16 16 16 16 16 16 0 0 8 8 8 8 8 0 0 16 16 16 16 16 16 16 16 16 16 16 16 16 16 16 16 16 16 16 0 0 8 8 8 8 8 0 0 16 16 16 16 16 16 16 16 16 16 16 16 16 16 16 16 16 0 0 8 8 8 8 8 0 0 16 16 16 16 16 16 16 16 
16 16 16 16 16 16 16 16 16 0 0 0 8 8 8 0 0 0 16 16 16 16 16 16 16 16 16 16 16 16 16 16 16 16 16 16 16 0 0 0 8 8 8 0 0 0 16 16 16 16 16 16 16 16 16 16 16 16 16 16 16 16 16 0 0 0 8 8 8 0 0 0 16 16 16 16 16 16 16 16 
16 16 16 16 16 16 16 16 16 16 0 0 0 0 0 0 0 16 16 16 16 16 16 16 16 16 16 16 16 16 16 16 16 16 16 16 16 16 0 0 0 0 0 0 0 16 16 16 16 16 16 16 16 16 16 16 16 16 16 16 16 16 16 16 0 0 0 0 0 0 0 16 16 16 16 16 16 16 16 16 
