10 22 
16 16 16 16 16 16 16 16 16 16 16 16 16 16 16 16 16 16 16 16 16 16 
16 16 16 16 16 16 16 16 16 16 16 16 16 16 16 16 16 16 16 16 16 16 
16 16 16 16 9 9 9 9 9 9 9 9 9 9 9 9 9 9 16 16 16 16 
16 16 16 16 3 3 3 15 0 3 3 3 3 0 15 3 3 3 16 16 16 16 
16 16 16 16 3 3 3 3 3 3 3 3 3 3 3 3 3 3 16 16 16 16 
16 16 16 16 3 3 3 3 3 3 3 3 3 3 3 3 3 3 16 16 16 16 
16 16 16 16 0 0 0 0 3 3 3 3 3 3 0 0 0 0 16 16 16 16 
16 16 16 16 0 0 0 0 16 16 16 16 16 16 0 0 0 0 16 16 16 16 
16 16 16 16 16 16 16 16 16 16 16 16 16 16 16 16 16 16 16 16 16 16 
16 16 16 16 16 16 16 16 16 16 16 16 16 16 16 16 16 16 16 16 16 16 