42 29
16 16 16 16 16 16 16 16 16 16 16 16 16 0 0 0 16 16 16 16 16 16 16 16 16 16 16 16 16 
16 16 16 16 16 16 16 16 16 16 16 16 16 0 0 0 16 16 16 16 16 16 16 16 16 16 16 16 16 
16 16 16 16 16 16 16 16 16 16 16 16 16 8 8 8 16 16 16 16 16 16 16 16 16 16 16 16 16 
16 16 16 16 16 16 16 16 16 16 16 16 16 8 8 8 16 16 16 16 16 16 16 16 16 16 16 16 16 
16 16 16 16 16 16 16 16 16 16 16 16 16 8 8 8 16 16 16 16 16 16 16 16 16 16 16 16 16 
16 16 16 16 16 16 16 16 16 16 16 16 16 8 8 8 16 16 16 16 16 16 16 16 16 16 16 16 16 
16 16 16 16 16 16 16 16 16 16 16 16 16 0 0 0 16 16 16 16 16 16 16 16 16 16 16 16 16 
16 16 16 16 16 16 16 16 16 16 16 16 16 0 0 0 16 16 16 16 16 16 16 16 16 16 16 16 16 
16 16 16 16 16 16 16 16 16 16 16 16 16 0 0 0 16 16 16 16 16 16 16 16 16 16 16 16 16 
16 16 16 16 16 16 16 16 16 16 16 16 16 0 0 0 16 16 16 16 16 16 16 16 16 16 16 16 16 
16 16 16 16 16 16 16 16 16 16 16 16 16 8 8 8 16 16 16 16 16 16 16 16 16 16 16 16 16 
16 16 16 16 16 16 16 16 16 16 16 16 16 8 8 8 16 16 16 16 16 16 16 16 16 16 16 16 16 
3 3 3 3 3 16 16 16 16 16 16 16 16 8 8 8 16 16 16 16 16 16 16 16 3 3 3 3 3 
8 8 8 8 8 0 8 8 8 8 8 8 2 8 8 8 2 8 8 8 8 8 8 0 8 8 8 8 8 
8 8 8 8 8 10 2 2 2 2 2 2 2 8 8 8 2 2 2 2 2 2 2 10 8 8 8 8 8 
8 8 8 8 8 10 8 8 8 2 2 2 2 8 8 8 2 2 2 2 8 8 8 10 8 8 8 8 8 
8 0 0 0 0 10 2 2 2 2 2 2 2 8 8 8 2 2 2 2 2 2 2 10 0 0 0 0 8 
8 8 8 8 8 10 2 2 2 2 2 2 2 8 8 8 2 2 2 2 2 2 2 10 8 8 8 8 8 
8 8 8 8 8 10 2 2 2 2 2 2 2 8 8 8 2 2 2 2 2 2 2 10 8 8 8 8 8 
8 8 8 8 8 10 10 10 10 10 10 10 10 8 8 8 10 10 10 10 10 10 10 10 8 8 8 8 8 
8 8 8 8 2 2 2 2 2 2 2 2 2 0 0 0 2 2 2 2 2 2 2 2 2 8 8 8 8 
8 8 8 2 2 2 2 8 8 8 8 8 8 8 8 8 8 8 8 8 8 8 2 2 2 2 8 8 8 
8 8 2 2 2 8 8 8 2 2 2 2 2 2 2 2 2 2 2 2 2 8 8 8 2 2 2 8 8 
2 2 2 2 8 8 2 2 10 10 10 10 10 2 2 2 10 10 10 10 10 2 2 8 8 2 2 2 2 
2 2 2 8 8 2 2 10 10 10 10 10 10 2 2 2 10 10 10 10 10 10 2 2 8 8 2 2 2 
2 1 1 8 2 2 10 10 10 10 10 10 10 2 2 2 10 10 10 10 10 10 10 2 2 8 1 1 2 
2 1 1 8 0 0 0 0 0 0 0 10 10 2 2 2 10 10 0 0 0 0 0 0 0 8 1 1 2 
2 1 1 8 0 8 8 8 8 8 0 2 2 2 2 2 2 2 0 8 8 8 8 8 0 8 1 1 2 
2 1 1 8 0 0 8 8 8 8 0 2 2 2 2 2 2 2 0 8 8 8 8 0 0 8 1 1 2 
2 1 1 8 8 0 0 0 0 0 1 8 8 8 8 8 8 8 1 0 0 0 0 0 8 8 1 1 2 
2 2 1 1 8 8 8 8 8 8 8 8 8 8 8 8 8 8 8 8 8 8 8 8 8 1 1 2 2 
2 2 2 1 1 8 8 8 8 8 8 8 8 8 8 8 8 8 8 8 8 8 8 8 1 1 2 2 2 
2 2 2 2 1 1 8 8 8 8 8 8 8 8 8 8 8 8 8 8 8 8 8 1 1 2 2 2 2 
8 8 8 8 8 8 3 1 1 1 1 1 1 1 1 1 1 1 1 1 1 1 3 8 8 8 8 8 8 
8 8 8 8 8 8 3 1 1 1 1 1 1 1 1 1 1 1 1 1 1 1 3 8 8 8 8 8 8 
8 8 8 8 8 8 2 3 3 3 3 3 3 3 3 3 3 3 3 3 3 3 2 8 8 8 8 8 8 
8 8 8 8 8 8 2 8 8 8 8 8 8 8 8 8 8 8 8 8 8 8 2 8 8 8 8 8 8 
8 8 8 8 8 8 2 8 8 8 8 8 8 8 8 8 8 8 8 8 8 8 2 8 8 8 8 8 8 
8 8 8 8 8 8 2 2 2 2 2 2 2 2 2 2 2 2 2 2 2 2 2 8 8 8 8 8 8 
9 9 9 9 9 9 9 9 9 9 8 8 8 8 8 8 8 8 8 9 9 9 9 9 9 9 9 9 9 
1 1 1 1 1 1 1 1 1 1 8 8 8 8 8 8 8 8 8 1 1 1 1 1 1 1 1 1 1 
9 9 9 9 9 9 9 9 9 9 8 8 8 8 8 8 8 8 8 9 9 9 9 9 9 9 9 9 9 
