18 36
1 1 1 16 16 16 16 16 16 16 16 16 16 16 1 1 1 16 16 16 16 16 16 16 16 16 16 16 16 16 16 16 16 16 16 16 
1 15 15 15 16 16 16 16 16 16 16 16 16 15 15 15 1 16 16 16 16 16 16 16 16 16 16 16 16 16 16 16 16 16 16 16 
1 15 6 15 1 16 16 1 1 1 16 16 1 15 6 15 1 16 16 16 16 16 16 16 16 16 16 16 16 16 16 16 16 16 16 16 
16 1 7 7 15 8 1 8 8 8 1 8 15 7 7 1 16 16 16 16 16 16 16 16 16 16 16 16 16 16 16 16 16 16 16 16 
16 1 6 7 15 7 8 1 1 1 8 7 15 7 6 1 16 16 16 16 16 16 16 16 16 16 16 16 16 16 16 16 16 16 16 16 
16 16 1 7 7 15 1 7 7 7 1 15 7 7 1 16 16 16 16 16 16 16 16 16 16 16 16 16 16 16 16 16 16 16 16 16 
16 1 7 7 7 15 15 15 15 15 15 15 7 7 7 1 16 16 16 16 16 16 16 16 16 16 16 16 16 16 16 16 16 16 16 16 
1 8 15 7 8 7 15 15 15 15 15 7 8 7 15 8 1 16 16 16 16 16 16 16 16 16 16 16 16 16 16 16 16 16 16 16 
1 15 15 7 7 1 7 7 7 7 7 1 7 7 15 15 1 16 16 16 16 16 16 16 16 16 16 16 16 16 16 16 16 16 16 16 
1 15 15 1 15 8 7 15 15 15 7 8 15 1 15 15 1 16 16 16 16 16 16 16 16 16 16 16 16 16 16 16 16 16 16 16 
1 7 15 1 15 15 1 6 6 6 1 15 15 1 15 7 1 16 16 16 16 16 16 16 16 16 16 16 16 16 16 16 16 16 16 16 
16 1 15 15 15 15 15 1 1 1 15 15 15 15 15 1 16 16 16 16 16 16 16 16 16 16 16 16 16 16 16 16 16 16 16 16 
1 7 7 8 15 1 1 1 7 1 1 1 15 8 7 7 1 16 16 16 16 16 16 16 16 16 16 16 16 16 16 16 16 16 16 16 
1 15 15 1 15 7 15 15 15 15 15 7 15 1 15 15 1 16 16 16 16 16 16 16 16 16 16 16 16 16 16 16 16 16 16 16 
16 1 1 1 15 8 1 7 15 7 1 8 15 1 1 1 16 16 16 16 16 16 16 16 16 16 16 16 16 16 16 16 16 16 16 16 
16 16 16 16 7 15 7 8 1 8 7 15 7 16 16 16 16 16 16 16 16 16 16 16 16 16 16 16 16 16 16 16 16 16 16 16 
16 16 16 1 15 15 15 1 1 1 15 15 15 1 16 16 16 16 16 16 16 16 16 16 16 16 16 16 16 16 16 16 16 16 16 16 
16 16 16 16 1 1 1 16 16 16 1 1 1 16 16 16 16 16 16 16 16 16 16 16 16 16 16 16 16 16 16 16 16 16 16 16 
