18 36
16 16 16 16 16 16 16 16 1 1 1 16 16 16 16 16 16 16 16 16 16 16 16 1 1 16 16 16 16 16 16 16 16 16 16 16 
16 16 16 16 16 16 16 16 1 7 15 16 16 16 16 16 16 16 16 16 16 16 1 15 1 16 16 16 16 16 16 16 16 16 16 16 
16 16 16 16 16 16 16 16 1 7 15 7 1 16 16 16 16 16 16 16 1 7 15 15 1 16 16 16 16 16 16 16 16 16 16 16 
16 16 16 16 16 16 16 16 1 8 15 15 8 1 16 16 16 16 16 1 8 15 15 15 1 16 16 16 16 16 16 16 16 16 16 16 
16 16 16 16 16 16 16 16 16 1 8 15 15 7 1 1 1 1 1 7 15 15 15 8 16 16 16 16 16 16 16 16 16 16 16 16 
16 16 16 16 16 16 16 16 16 16 1 15 15 15 7 8 8 8 7 15 15 15 7 1 16 16 16 16 16 16 16 16 16 16 16 16 
16 16 16 16 16 16 16 16 16 16 16 1 7 15 7 7 7 7 7 15 7 1 16 16 16 16 16 16 16 16 16 16 16 16 16 16 
16 16 16 16 16 16 16 16 16 16 16 8 15 7 7 7 7 7 7 7 15 8 1 16 16 16 16 16 16 16 16 16 16 16 16 16 
16 16 16 16 16 16 16 16 16 16 1 7 7 15 15 15 15 15 15 15 7 7 1 1 16 16 16 16 16 16 16 16 16 16 16 16 
16 16 16 16 16 16 16 16 16 16 1 7 15 15 15 15 15 15 15 15 15 7 1 1 16 16 16 16 16 16 16 16 16 16 16 16 
16 16 16 16 16 16 16 16 16 1 8 8 15 15 15 15 15 15 15 15 15 8 1 8 16 16 16 16 16 16 16 16 16 16 16 16 
16 16 16 16 16 16 16 16 1 8 7 7 8 7 15 15 15 15 15 7 8 7 15 7 1 16 16 16 16 16 16 16 16 16 16 16 
16 16 16 16 16 16 16 16 1 8 15 15 15 7 15 15 15 15 15 7 15 15 15 15 1 16 16 16 16 16 16 16 16 16 16 16 
16 16 16 16 16 16 16 16 1 15 15 15 15 15 15 15 15 15 15 15 15 15 15 15 1 16 16 16 16 16 16 16 16 16 16 16 
16 16 16 16 16 16 16 16 1 7 15 15 15 15 15 15 15 15 15 15 15 15 8 15 1 16 16 16 16 16 16 16 16 16 16 16 
16 16 16 16 16 16 16 16 1 1 8 8 15 15 15 15 15 15 15 15 15 8 1 8 1 16 16 16 16 16 16 16 16 16 16 16 
16 16 16 16 16 16 16 16 1 7 7 1 7 15 7 8 8 8 7 15 7 1 1 7 1 16 16 16 16 16 16 16 16 16 16 16 
16 16 16 16 16 16 16 16 16 1 1 1 1 1 7 15 15 15 7 1 1 1 1 1 16 16 16 16 16 16 16 16 16 16 16 16 
