23 64
2 2 2 2 10 10 10 10 10 10 10 10 10 2 2 2 2 2 2 2 2 2 2 2 2 2 10 2 2 2 10 10 10 10 2 2 2 2 2 2 2 2 2 2 2 2 2 2 2 2 2 2 2 2 2 2 2 2 2 2 2 2 2 2 
2 2 2 10 2 2 2 2 2 2 2 2 2 2 2 2 2 2 2 2 2 2 2 2 2 2 2 2 2 2 2 2 2 2 2 2 2 2 2 2 2 2 2 2 2 2 2 2 2 2 2 2 2 2 2 2 2 2 2 2 2 2 2 2 
9 9 9 9 9 9 9 9 9 9 9 9 9 9 9 9 9 9 9 9 9 9 9 9 9 9 9 9 9 9 9 9 9 9 9 9 9 9 9 9 9 9 9 9 9 9 9 9 9 9 9 9 9 9 9 9 9 9 9 9 9 9 9 9 
9 9 9 9 9 9 9 9 11 11 1 1 9 9 1 1 11 9 9 9 9 9 9 9 9 9 9 9 9 9 9 9 9 9 9 9 9 9 9 9 9 9 9 9 9 9 9 9 9 9 9 9 9 9 9 9 9 9 9 9 9 9 9 9 
9 9 9 9 9 9 9 9 9 9 9 9 9 9 9 9 9 9 11 11 11 11 11 9 9 9 9 9 9 9 9 9 9 11 1 1 1 1 1 1 1 9 9 9 9 9 9 9 9 9 9 9 9 9 9 9 9 9 9 9 9 9 9 9 
10 9 9 9 9 9 9 9 9 9 2 9 2 9 9 9 2 9 9 9 9 9 10 9 9 9 9 9 2 9 9 9 9 9 9 9 9 9 9 9 9 9 9 9 9 9 9 9 9 9 9 9 9 9 9 9 9 9 9 9 9 9 9 9 
2 2 10 10 10 10 10 10 10 2 2 2 2 2 2 10 10 10 2 2 2 2 2 2 2 10 2 2 2 2 10 10 10 10 10 10 10 10 10 2 2 2 10 10 10 10 10 10 2 2 2 2 2 2 2 2 10 10 10 10 2 2 2 2 
2 2 2 2 2 2 2 2 2 2 2 2 2 10 2 2 2 2 2 2 2 2 2 2 2 2 2 2 2 2 2 2 2 2 2 2 2 2 2 2 2 2 2 2 2 2 2 2 2 2 2 2 2 2 2 2 2 2 2 2 2 2 10 10 
9 9 9 9 9 9 9 9 9 9 9 9 9 9 9 9 9 9 9 9 9 9 9 9 9 9 9 9 9 9 9 9 9 9 9 9 9 9 9 9 9 9 9 9 9 9 9 9 9 9 9 9 9 9 9 9 9 9 9 9 9 9 9 9 
9 9 9 9 9 9 9 9 9 9 9 9 9 9 9 9 9 9 9 9 11 11 9 9 9 9 9 11 11 9 9 9 9 9 9 9 9 9 9 9 9 9 9 11 9 9 9 9 9 9 9 9 9 9 9 9 9 9 9 9 9 9 9 9 
9 9 9 1 1 1 1 1 9 9 9 9 9 9 9 9 9 9 9 9 9 9 9 9 9 9 9 9 9 9 9 9 9 9 9 9 9 9 9 9 9 9 9 9 9 9 9 9 9 9 9 9 9 9 9 9 9 9 9 9 9 9 9 9 
9 10 10 10 2 9 9 9 9 9 9 9 9 9 9 10 9 10 10 10 10 10 9 10 10 9 9 9 10 10 10 10 10 10 10 10 10 10 10 9 9 9 9 10 9 9 9 9 9 9 9 9 9 9 9 10 9 9 9 9 9 9 9 9 
10 10 10 2 10 10 10 2 2 2 2 2 2 2 10 2 2 2 10 10 10 10 10 10 2 2 10 2 10 10 10 10 10 10 2 2 10 10 2 2 10 10 10 10 2 2 2 2 2 2 10 2 2 2 2 2 2 2 2 10 10 10 2 2 
2 2 10 10 10 10 10 2 2 2 2 2 2 10 2 2 2 2 2 2 2 2 2 2 2 2 2 2 2 10 10 10 10 2 2 2 2 2 2 2 2 2 2 2 2 2 2 2 10 2 2 2 10 10 10 2 10 10 10 10 10 10 2 2 
6 6 6 6 6 6 6 6 6 6 6 6 6 6 6 6 6 6 6 6 6 6 6 6 6 6 2 2 2 2 6 6 6 6 6 14 6 6 6 6 6 6 6 6 6 6 6 6 6 6 6 6 6 6 6 6 6 6 6 6 2 2 2 2 
14 14 14 14 14 14 14 14 14 14 14 8 14 14 6 6 6 6 6 6 6 6 14 14 14 14 14 14 14 14 14 14 14 14 14 14 14 14 14 14 14 14 14 14 14 14 14 14 14 14 14 14 14 14 14 14 14 14 14 14 14 14 14 14 
14 14 14 14 14 14 14 14 14 14 14 14 14 14 14 14 14 14 14 14 14 14 14 14 14 14 14 14 14 14 14 14 14 14 14 14 14 14 14 14 14 14 14 14 14 14 14 14 14 14 14 14 14 14 14 14 14 14 14 14 14 14 14 14 
14 14 14 14 14 14 14 14 14 14 14 14 14 14 14 14 14 14 14 14 14 14 14 14 14 14 14 14 14 14 14 14 14 14 14 14 14 14 14 14 14 14 14 14 14 14 14 14 14 14 14 14 14 14 8 14 14 14 14 14 14 14 14 14 
14 10 14 14 14 14 14 14 14 14 14 14 14 14 14 14 14 14 14 14 14 14 14 6 6 6 6 14 14 14 14 14 14 14 14 14 14 14 14 14 14 14 14 14 14 14 14 14 14 14 14 14 14 14 14 14 14 14 14 14 14 6 14 14 
14 14 14 14 14 14 14 14 14 14 14 14 14 2 14 14 14 14 14 14 14 14 14 14 14 14 14 14 14 14 14 14 14 14 14 14 14 14 14 14 14 14 14 14 14 14 2 14 14 14 14 14 14 14 6 6 14 14 14 14 14 14 14 14 
6 6 6 6 6 6 6 6 6 6 6 2 2 2 2 2 6 6 6 6 2 6 6 6 2 2 2 6 6 6 6 6 6 6 6 6 6 6 6 2 6 6 6 6 2 2 6 6 6 6 6 6 6 6 6 2 6 6 6 2 2 2 2 2 
2 2 2 2 2 2 2 2 2 2 2 2 2 2 2 2 2 2 2 2 2 2 2 2 2 2 2 2 2 2 2 2 2 2 2 2 2 2 2 2 2 2 2 2 2 2 2 2 2 2 2 2 2 2 2 2 2 2 2 2 2 2 2 2 
10 10 10 10 10 10 10 10 10 10 10 10 10 10 10 2 2 2 10 10 10 10 10 10 10 10 10 10 10 10 10 10 10 10 10 10 10 10 10 10 10 10 10 10 10 10 10 10 10 10 10 10 10 10 2 2 2 2 2 2 2 2 2 2 
