20 67
16 16 16 16 16 16 16 16 16 16 16 16 16 16 16 16 16 16 16 16 16 16 16 16 16 16 16 16 16 16 16 16 16 16 16 16 16 16 16 16 16 6 6 6 6 6 6 6 6 6 6 6 6 6 6 6 16 16 16 16 16 16 16 16 16 16 16 
16 16 16 16 16 16 16 16 16 16 16 16 16 16 16 16 16 16 16 16 16 16 16 16 16 16 16 16 16 16 16 16 16 16 16 16 16 6 6 6 6 6 6 6 6 6 6 6 6 6 6 6 6 6 6 6 6 6 16 16 16 16 16 16 16 16 16 
16 16 16 16 16 16 16 16 16 16 16 16 16 16 16 16 16 16 16 16 16 16 16 16 16 16 16 16 16 16 16 16 16 16 16 16 6 14 14 14 14 6 6 6 6 6 6 6 6 6 6 6 6 6 6 6 6 6 6 14 14 16 16 16 16 16 16 
16 16 16 16 16 16 16 16 16 16 16 16 16 16 16 16 16 16 16 16 16 16 16 16 16 16 16 16 16 16 16 16 16 16 16 6 6 14 14 14 6 6 6 6 14 14 14 14 14 14 14 14 14 14 14 14 6 6 6 6 14 16 16 16 16 16 16 
16 16 16 16 16 16 16 16 16 16 16 16 16 16 16 16 16 16 16 16 16 16 16 14 14 14 14 14 14 14 14 14 14 14 14 6 6 6 6 6 6 6 14 14 14 14 14 14 14 14 14 14 14 14 14 14 14 14 14 6 6 6 16 16 16 16 16 
16 16 16 16 16 14 14 14 14 14 14 14 14 14 14 14 14 14 14 14 14 14 14 14 14 14 14 14 14 14 14 14 14 14 6 6 6 6 6 6 14 14 14 14 14 14 14 14 14 14 14 14 14 14 14 14 14 14 14 6 6 6 6 16 16 16 16 
16 16 16 14 14 14 14 14 14 14 14 14 14 14 14 14 14 14 14 14 14 14 14 14 14 14 14 14 14 14 14 14 14 14 6 6 6 6 6 6 14 14 15 15 0 0 0 14 14 14 14 14 15 15 15 0 0 0 14 6 6 6 6 16 16 16 16 
16 16 14 16 14 14 14 14 14 14 14 14 14 14 14 14 14 14 14 14 14 14 14 14 14 14 14 14 14 14 14 14 14 14 6 6 6 6 6 6 14 14 14 14 14 14 14 14 14 14 14 14 14 14 14 14 14 14 14 6 6 6 6 16 16 16 16 
16 14 16 16 14 14 14 14 14 14 14 14 14 14 14 14 14 14 14 14 14 14 14 14 14 14 14 14 14 14 14 14 14 14 6 6 6 6 6 6 14 14 14 14 14 14 14 14 14 14 0 0 0 0 14 14 14 14 14 6 6 6 6 16 16 16 16 
16 14 16 16 14 14 14 14 14 14 14 14 14 14 14 14 14 14 14 14 14 14 14 14 14 14 14 14 14 14 14 14 14 14 14 6 6 6 6 6 6 14 14 14 14 14 14 14 14 14 0 0 0 0 14 14 14 14 14 6 6 6 16 16 16 16 16 
6 6 16 16 14 14 14 14 14 14 14 14 14 14 14 14 14 14 14 14 14 14 14 14 14 14 14 14 14 14 14 14 14 14 14 14 6 6 6 6 6 6 14 14 14 14 14 14 14 14 14 14 14 14 14 14 14 14 6 6 6 16 16 16 16 16 16 
6 6 16 16 14 14 14 14 14 14 14 14 14 14 14 14 14 14 14 14 14 14 14 14 14 14 14 14 14 14 14 14 14 14 14 14 6 6 6 6 6 6 6 6 14 14 0 0 0 0 0 0 14 14 14 14 6 6 6 6 16 16 16 16 16 16 16 
16 16 16 16 14 14 14 14 14 14 14 14 14 14 14 14 14 14 14 14 14 14 14 14 14 14 14 14 14 14 14 14 14 14 14 14 14 14 6 6 6 6 6 6 6 14 14 14 14 14 14 14 14 14 14 6 6 6 6 16 16 16 16 16 16 16 16 
16 16 16 16 14 14 14 14 14 14 6 6 6 6 6 6 6 6 6 6 6 6 6 6 14 14 14 14 14 14 14 14 14 14 14 14 14 14 14 14 6 6 6 6 6 6 6 6 6 6 6 6 6 6 6 6 6 16 16 16 16 16 16 16 16 16 16 
16 16 16 16 14 14 14 14 14 14 14 16 14 14 14 14 14 14 16 16 16 16 16 16 16 16 14 14 14 14 14 14 14 14 16 16 16 14 14 14 14 14 6 6 6 6 6 6 6 6 6 6 6 6 6 16 16 16 16 16 16 16 16 16 16 16 16 
16 16 16 16 14 14 14 14 14 14 16 14 14 14 14 14 14 16 16 16 16 16 16 16 16 16 16 14 14 14 14 14 14 14 16 16 16 14 14 14 14 14 14 16 16 6 6 6 6 6 6 6 6 16 16 16 16 16 16 16 16 16 16 16 16 16 16 
16 16 16 16 14 14 14 14 14 16 14 14 14 14 14 14 16 16 16 16 16 16 16 16 16 16 16 16 14 14 14 14 14 14 14 16 16 14 14 14 14 14 14 16 16 16 16 16 16 16 16 16 16 16 16 16 16 16 16 16 16 16 16 16 16 16 16 
16 16 16 16 14 14 14 14 14 16 14 14 14 14 14 16 16 16 16 16 16 16 16 16 16 16 16 16 16 14 14 14 14 14 14 14 16 14 14 14 14 14 14 16 16 16 16 16 16 16 16 16 16 16 16 16 16 16 16 16 16 16 16 16 16 16 16 
16 16 16 16 16 6 6 6 6 6 6 6 6 6 16 16 16 16 16 16 16 16 16 16 16 16 16 16 16 16 6 6 6 6 6 6 6 16 6 6 6 6 6 6 16 16 16 16 16 16 16 16 16 16 16 16 16 16 16 16 16 16 16 16 16 16 16 
16 16 16 16 16 6 7 6 7 7 6 7 7 6 7 16 16 16 16 16 16 16 16 16 16 16 16 16 16 16 6 6 6 7 6 7 7 7 6 6 7 7 6 7 16 16 16 16 16 16 16 16 16 16 16 16 16 16 16 16 16 16 16 16 16 16 16 
