21 69
16 16 16 16 16 16 16 16 16 16 16 16 16 16 16 16 16 16 16 16 16 16 16 16 16 16 16 16 16 16 16 16 16 16 16 16 16 16 16 16 16 16 12 12 12 12 12 12 12 12 12 12 12 12 12 12 12 16 16 16 16 16 16 16 16 16 16 16 16 
16 16 16 16 16 16 16 16 16 16 16 16 16 16 16 16 16 16 16 16 16 16 16 16 16 16 16 16 16 16 16 16 16 16 16 16 16 16 12 12 12 12 6 6 6 6 6 6 6 6 6 6 6 6 6 6 6 12 12 16 16 16 16 16 16 16 16 16 16 
16 16 16 16 16 16 16 16 16 16 16 16 16 16 16 16 16 16 16 16 16 16 16 16 16 16 16 16 16 16 16 16 16 16 16 16 16 12 6 6 6 6 6 6 6 6 6 6 6 6 6 6 6 6 6 6 6 6 6 12 12 12 16 16 16 16 16 16 16 
16 16 16 16 16 16 16 16 16 16 16 16 16 16 16 16 16 16 16 16 16 16 16 16 16 16 16 16 16 16 16 16 16 16 16 16 12 6 14 14 14 14 6 6 6 6 6 6 6 6 6 6 6 6 6 6 6 6 6 6 14 14 12 16 16 16 16 16 16 
16 16 16 16 16 16 16 16 16 16 16 16 16 16 16 16 16 16 16 16 16 16 16 16 12 12 12 12 12 12 12 12 12 12 12 12 6 6 14 14 14 6 6 6 6 14 14 14 14 14 14 14 14 14 14 14 14 6 6 6 6 14 12 16 16 16 16 16 16 
16 16 16 16 16 16 12 12 12 12 12 12 12 12 12 12 12 12 12 12 12 12 12 12 14 14 14 14 14 14 14 14 14 14 14 14 6 6 6 6 6 6 6 14 14 14 14 14 14 14 14 14 14 14 14 14 14 14 14 14 6 6 6 12 16 16 16 16 16 
16 16 16 16 12 12 14 14 14 14 14 14 14 14 14 14 14 14 14 14 14 14 14 14 14 14 14 14 14 14 14 14 14 14 14 6 6 6 6 6 6 14 14 14 14 14 14 14 14 14 14 14 14 14 14 14 14 14 14 14 6 6 6 6 12 16 16 16 16 
16 16 16 12 14 14 14 14 14 14 14 14 14 14 14 14 14 14 14 14 14 14 14 14 14 14 14 14 14 14 14 14 14 14 14 6 6 6 6 6 6 14 14 15 15 0 0 0 14 14 14 14 14 15 15 15 0 0 0 14 6 6 6 6 12 16 16 16 16 
16 16 12 14 12 14 14 14 14 14 14 14 14 14 14 14 14 14 14 14 14 14 14 14 14 14 14 14 14 14 14 14 14 14 14 6 6 6 6 6 6 14 14 14 14 14 14 14 14 14 14 14 14 14 14 14 14 14 14 14 6 6 6 6 12 16 16 16 16 
16 12 14 12 12 14 14 14 14 14 14 14 14 14 14 14 14 14 14 14 14 14 14 14 14 14 14 14 14 14 14 14 14 14 14 6 6 6 6 6 6 14 14 14 14 14 14 14 14 14 14 0 0 0 0 14 14 14 14 14 6 6 6 6 12 16 16 16 16 
16 12 14 12 12 14 14 14 14 14 14 14 14 14 14 14 14 14 14 14 14 14 14 14 14 14 14 14 14 14 14 14 14 14 14 14 6 6 6 6 6 6 14 14 14 14 14 14 14 14 14 0 0 0 0 14 14 14 14 14 6 6 6 12 16 16 16 16 16 
12 6 6 12 12 14 14 14 14 14 14 14 14 14 14 14 14 14 14 14 14 14 14 14 14 14 14 14 14 14 14 14 14 14 14 14 14 6 6 6 6 6 6 14 14 14 14 14 14 14 14 14 14 14 14 14 14 14 14 6 6 6 12 16 16 16 16 16 16 
12 6 6 12 12 14 14 14 14 14 14 14 14 14 14 14 14 14 14 14 14 14 14 14 14 14 14 14 14 14 14 14 14 14 14 14 14 6 6 6 6 6 6 6 6 14 14 0 0 0 0 0 0 14 14 14 14 6 6 6 6 12 16 16 16 16 16 16 16 
16 12 12 16 12 14 14 14 14 14 14 14 14 14 14 14 14 14 14 14 14 14 14 14 14 14 14 14 14 14 14 14 14 14 14 14 14 14 14 6 6 6 6 6 6 6 14 14 14 14 14 14 14 14 14 14 6 6 6 6 12 16 16 16 16 16 16 16 16 
16 16 16 16 12 14 14 14 14 14 14 6 6 6 6 6 6 6 6 6 6 6 6 6 6 14 14 14 14 14 14 14 14 14 14 14 14 14 14 14 14 6 6 6 6 6 6 6 6 6 6 6 6 6 6 6 6 6 12 12 16 16 16 16 16 16 16 16 16 
16 16 16 16 12 14 14 14 14 14 14 14 12 14 14 14 14 14 14 12 12 12 12 12 12 12 12 14 14 14 14 14 14 14 14 12 12 12 14 14 14 14 14 6 6 6 6 6 6 6 6 6 6 6 6 6 12 12 16 16 16 16 16 16 16 16 16 16 16 
16 16 16 16 12 14 14 14 14 14 14 12 14 14 14 14 14 14 12 16 16 16 16 16 16 16 16 12 14 14 14 14 14 14 14 12 16 12 14 14 14 14 14 14 12 12 6 6 6 6 6 6 6 6 12 12 16 16 16 16 16 16 16 16 16 16 16 16 16 
16 16 16 16 12 14 14 14 14 14 12 14 14 14 14 14 14 12 16 16 16 16 16 16 16 16 16 16 12 14 14 14 14 14 14 14 12 12 14 14 14 14 14 14 12 16 12 12 12 12 12 12 12 12 16 16 16 16 16 16 16 16 16 16 16 16 16 16 16 
16 16 16 16 12 14 14 14 14 14 12 14 14 14 14 14 12 16 16 16 16 16 16 16 16 16 16 16 16 12 14 14 14 14 14 14 14 12 14 14 14 14 14 14 12 16 16 16 16 16 16 16 16 16 16 16 16 16 16 16 16 16 16 16 16 16 16 16 16 
16 16 16 16 16 12 6 6 6 6 6 6 6 6 6 12 16 16 16 16 16 16 16 16 16 16 16 16 16 16 12 6 6 6 6 6 6 6 12 6 6 6 6 6 6 12 16 16 16 16 16 16 16 16 16 16 16 16 16 16 16 16 16 16 16 16 16 16 16 
16 16 16 16 16 12 6 7 6 7 7 6 7 7 6 7 12 16 16 16 16 16 16 16 16 16 16 16 16 16 12 6 6 6 7 6 7 7 7 6 6 7 7 6 7 12 16 16 16 16 16 16 16 16 16 16 16 16 16 16 16 16 16 16 16 16 16 16 16 
