125 103
12 12 12 12 12 12 12 12 12 12 12 12 12 12 12 12 12 12 12 12 12 12 12 12 12 12 12 12 12 12 12 12 12 12 12 12 12 12 12 12 12 12 12 12 12 12 12 12 12 12 12 12 12 12 12 12 12 12 12 12 12 12 12 12 12 12 12 12 12 12 12 12 12 12 12 12 12 12 12 12 12 12 12 12 12 12 12 12 12 12 12 12 12 12 12 12 12 4294967295 4294967295 4294967295 4294967295 4294967295 4294967295 
12 0 0 0 0 0 0 0 0 0 0 0 0 0 0 0 0 0 0 0 0 0 0 0 0 0 0 0 0 0 0 0 0 0 0 0 0 0 0 0 0 0 0 0 0 0 0 0 0 0 0 0 0 0 0 0 0 0 0 0 0 0 0 0 0 0 0 0 0 0 0 0 0 0 0 0 0 0 0 0 0 0 0 0 0 0 0 0 0 0 0 0 0 0 0 0 12 4294967295 4294967295 4294967295 4294967295 4294967295 4294967295 
12 0 0 0 0 0 0 0 0 0 0 0 0 0 0 0 0 0 0 0 0 0 0 0 0 0 0 0 0 0 0 0 0 0 0 0 0 0 0 0 0 0 0 0 0 0 0 0 0 0 0 0 0 0 0 0 0 0 0 0 0 0 0 0 0 0 0 0 0 0 0 0 0 0 0 0 0 0 0 0 0 0 0 0 0 0 0 0 0 0 0 0 0 0 0 0 12 4294967295 4294967295 4294967295 4294967295 4294967295 4294967295 
12 0 0 0 0 0 0 0 0 0 0 0 0 0 0 0 0 0 0 0 0 0 0 0 0 0 0 0 0 0 0 0 0 0 0 0 0 0 0 0 0 0 0 0 0 0 0 0 0 0 0 0 0 0 0 0 0 0 0 0 0 0 0 0 0 0 0 0 0 0 0 0 0 0 0 0 0 0 0 0 0 0 0 0 0 0 0 0 0 0 0 0 0 0 0 0 12 4294967295 4294967295 4294967295 4294967295 4294967295 4294967295 
12 0 0 0 0 0 0 0 0 0 0 0 0 0 0 0 0 0 0 0 0 0 0 0 0 0 0 0 0 0 0 0 0 0 0 0 0 0 0 0 0 0 0 0 0 0 0 0 0 0 0 0 0 0 0 0 0 0 0 0 0 0 0 0 0 0 0 0 0 0 0 0 0 0 0 0 0 0 0 0 0 0 0 0 0 0 0 0 0 0 0 0 0 0 0 0 12 4294967295 4294967295 4294967295 4294967295 4294967295 4294967295 
12 0 0 0 0 0 0 0 0 0 0 0 0 0 0 0 0 0 0 0 0 0 0 0 0 0 0 0 0 0 0 0 0 0 0 0 0 0 0 0 0 0 0 0 0 0 0 0 0 0 0 0 0 0 0 0 0 0 0 0 0 0 0 0 0 0 0 0 0 0 0 0 0 0 0 0 0 0 0 0 0 0 0 0 0 0 0 0 0 0 0 0 0 0 0 0 12 4294967295 4294967295 4294967295 4294967295 4294967295 4294967295 
12 0 0 0 0 0 0 0 0 0 0 0 0 0 0 0 0 0 0 0 0 0 0 0 0 0 0 0 0 0 0 0 0 0 0 0 0 0 0 0 0 0 0 0 0 0 0 0 0 0 0 0 0 0 0 0 0 0 0 0 0 0 0 0 0 0 0 0 0 0 0 0 0 0 0 0 0 0 0 0 0 0 0 0 0 0 0 0 0 0 0 0 0 0 0 0 12 4294967295 4294967295 4294967295 4294967295 4294967295 4294967295 
12 0 0 0 0 0 0 0 0 0 0 0 0 0 0 0 0 0 0 0 0 0 0 0 0 0 0 0 0 0 0 0 0 0 0 0 0 0 0 0 0 0 0 0 0 0 0 0 0 0 0 0 0 0 0 0 0 0 0 0 0 0 0 0 0 0 0 0 0 0 0 0 0 0 0 0 0 0 0 0 0 0 0 0 0 0 0 0 0 0 0 0 0 0 0 0 12 4294967295 4294967295 4294967295 4294967295 4294967295 4294967295 
12 0 0 0 0 0 0 0 0 0 0 0 0 0 0 0 0 0 0 0 0 0 0 0 0 0 0 0 0 0 0 0 0 0 0 0 0 0 0 0 0 0 0 0 0 0 0 0 0 0 0 0 0 0 0 0 0 0 0 0 0 0 0 0 0 0 0 0 0 0 0 0 0 0 0 0 0 0 0 0 0 0 0 0 0 0 0 0 0 0 0 0 0 0 0 0 12 4294967295 4294967295 4294967295 4294967295 4294967295 4294967295 
12 0 0 0 0 0 0 0 0 0 0 0 0 0 0 0 0 0 0 0 0 0 0 0 0 0 0 0 0 0 0 0 0 0 0 0 0 0 0 0 0 0 0 0 0 0 0 0 0 0 0 0 0 0 0 0 0 0 0 0 0 0 0 0 0 0 0 0 0 0 0 0 0 0 0 0 0 0 0 0 0 0 0 0 0 0 0 0 0 0 0 0 0 0 0 0 12 4294967295 4294967295 4294967295 4294967295 4294967295 4294967295 
12 0 0 0 0 0 0 0 0 0 0 0 0 0 0 0 0 0 0 0 0 0 0 0 0 0 0 0 0 0 0 0 0 0 0 0 0 0 0 0 0 0 0 0 0 0 0 0 0 0 0 0 0 0 0 0 0 0 0 0 0 0 0 0 0 0 0 0 0 0 0 0 0 0 0 0 0 0 0 0 0 0 0 0 0 0 0 0 0 0 0 0 0 0 0 0 12 4294967295 4294967295 4294967295 4294967295 4294967295 4294967295 
12 0 0 0 0 0 0 0 0 0 0 0 0 0 0 0 0 0 0 0 0 0 0 0 0 0 0 0 0 0 0 0 0 0 0 0 0 0 0 0 0 0 0 0 0 0 0 0 0 0 0 0 0 0 0 0 0 0 0 0 0 0 0 0 0 0 0 0 0 0 0 0 0 0 0 0 0 0 0 0 0 0 0 0 0 0 0 0 0 0 0 0 0 0 0 0 12 4294967295 4294967295 4294967295 4294967295 4294967295 4294967295 
12 0 0 0 0 0 0 0 0 0 0 0 0 0 0 0 0 0 0 0 0 0 0 0 0 0 0 0 0 0 0 0 0 0 0 0 0 0 0 0 0 0 0 0 0 0 0 0 0 0 0 0 0 0 0 0 0 0 0 0 0 0 0 0 0 0 0 0 0 0 0 0 0 0 0 0 0 0 0 0 0 0 0 0 0 0 0 0 0 0 0 0 0 0 0 0 12 4294967295 4294967295 4294967295 4294967295 4294967295 4294967295 
12 0 0 0 0 0 0 0 0 0 0 0 0 0 0 0 0 0 0 0 0 0 0 0 0 0 0 0 0 0 0 0 0 0 0 0 0 0 0 0 0 0 0 0 0 0 0 0 0 0 0 0 0 0 0 0 0 0 0 0 0 0 0 0 0 0 0 0 0 0 0 0 0 0 0 0 0 0 0 0 0 0 0 0 0 0 0 0 0 0 0 0 0 0 0 0 12 4294967295 4294967295 4294967295 4294967295 4294967295 4294967295 
12 0 0 0 0 0 0 0 0 0 0 0 0 0 0 0 0 0 0 0 0 0 0 0 0 0 0 0 0 0 0 0 0 0 0 0 0 0 0 0 0 0 0 0 0 0 0 0 0 0 0 0 0 0 0 0 0 0 0 0 0 0 0 0 0 0 0 0 0 0 0 0 0 0 0 0 0 0 0 0 0 0 0 0 0 0 0 0 0 0 0 0 0 0 0 0 12 4294967295 4294967295 4294967295 4294967295 4294967295 4294967295 
12 0 0 0 0 0 0 0 0 0 0 0 0 0 0 0 0 0 0 0 0 0 0 0 0 0 0 0 0 0 0 0 0 0 0 0 0 0 0 0 0 0 0 0 0 0 0 0 0 0 0 0 0 0 0 0 0 0 0 0 0 0 0 0 0 0 0 0 0 0 0 0 0 0 0 0 0 0 0 0 0 0 0 0 0 0 0 0 0 0 0 0 0 0 0 0 12 4294967295 4294967295 4294967295 4294967295 4294967295 4294967295 
12 0 0 0 0 0 0 0 0 0 0 0 0 0 0 0 0 0 0 0 0 0 0 0 0 0 0 0 0 0 0 0 0 0 0 0 0 0 0 0 0 0 0 0 0 0 0 0 0 0 0 0 0 0 0 0 0 0 0 0 0 0 0 0 0 0 0 0 0 0 0 0 0 0 0 0 0 0 0 0 0 0 0 0 0 0 0 0 0 0 0 0 0 0 0 0 12 4294967295 4294967295 4294967295 4294967295 4294967295 4294967295 
12 0 0 0 0 0 0 0 0 0 0 0 0 0 0 0 0 0 0 0 0 0 0 0 0 0 0 0 0 0 0 0 0 0 0 0 0 0 0 0 0 0 0 0 0 0 0 0 0 0 0 0 0 0 0 0 0 0 0 0 0 0 0 0 0 0 0 0 0 0 0 0 0 0 0 0 0 0 0 0 0 0 0 0 0 0 0 0 0 0 0 0 0 0 0 0 12 4294967295 4294967295 4294967295 4294967295 4294967295 4294967295 
12 0 0 0 0 0 0 0 0 0 0 0 0 0 0 0 0 0 0 0 0 0 0 0 0 0 0 0 0 0 0 0 0 0 0 0 0 0 0 0 0 0 0 0 0 0 0 0 0 0 0 0 0 0 0 0 0 0 0 0 0 0 0 0 0 0 0 0 0 0 0 0 0 0 0 0 0 0 0 0 0 0 0 0 0 0 0 0 0 0 0 0 0 0 0 0 12 4294967295 4294967295 4294967295 4294967295 4294967295 4294967295 
12 0 0 0 0 0 0 0 0 0 0 0 0 0 0 0 0 0 0 0 0 0 0 0 0 0 0 0 0 0 0 0 0 0 0 0 0 0 0 0 0 0 0 0 0 0 0 0 0 0 0 0 0 0 0 0 0 0 0 0 0 0 0 0 0 0 0 0 0 0 0 0 0 0 0 0 0 0 0 0 0 0 0 0 0 0 0 0 0 0 0 0 0 0 0 0 12 4294967295 4294967295 4294967295 4294967295 4294967295 4294967295 
12 0 0 0 0 0 0 0 0 0 0 0 0 0 0 0 0 0 0 0 0 0 0 0 0 0 0 0 0 0 0 0 0 0 0 0 0 0 0 0 0 0 0 0 0 0 0 0 0 0 0 0 0 0 0 0 0 0 0 0 0 0 0 0 0 0 0 0 0 0 0 0 0 0 0 0 0 0 0 0 0 0 0 0 0 0 0 0 0 0 0 0 0 0 0 0 12 4294967295 4294967295 4294967295 4294967295 4294967295 4294967295 
12 0 0 0 0 0 0 0 0 0 0 0 0 0 0 0 0 0 0 0 0 0 0 0 0 0 0 0 0 0 0 0 0 0 0 0 0 0 0 0 0 0 0 0 0 0 0 0 0 0 0 0 0 0 0 0 0 0 0 0 0 0 0 0 0 0 0 0 0 0 0 0 0 0 0 0 0 0 0 0 0 0 0 0 0 0 0 0 0 0 0 0 0 0 0 0 12 4294967295 4294967295 4294967295 4294967295 4294967295 4294967295 
12 0 0 0 0 0 0 0 0 0 0 0 0 0 0 0 0 0 0 0 0 0 0 0 0 0 0 0 0 0 0 0 0 0 0 0 0 0 0 0 0 0 0 0 0 0 0 0 0 0 0 0 0 0 0 0 0 0 0 0 0 0 0 0 0 0 0 0 0 0 0 0 0 0 0 0 0 0 0 0 0 0 0 0 0 0 0 0 0 0 0 0 0 0 0 0 12 4294967295 4294967295 4294967295 4294967295 4294967295 4294967295 
12 0 0 0 0 0 0 0 0 0 0 0 0 0 0 0 0 0 0 0 0 0 0 0 0 0 0 0 0 0 0 0 0 0 0 0 0 0 0 0 0 0 0 0 0 0 0 0 0 0 0 0 0 0 0 0 0 0 0 0 0 0 0 0 0 0 0 0 0 0 0 0 0 0 0 0 0 0 0 0 0 0 0 0 0 0 0 0 0 0 0 0 0 0 0 0 12 4294967295 4294967295 4294967295 4294967295 4294967295 4294967295 
12 12 12 12 12 12 12 12 12 12 12 12 12 12 12 12 12 12 12 12 12 12 12 12 12 12 12 12 12 12 12 12 12 12 12 12 12 12 12 12 12 12 12 12 12 12 12 12 12 12 12 12 12 12 12 12 12 12 12 12 12 12 12 12 12 12 12 12 12 12 12 12 12 12 12 12 12 12 12 12 12 12 12 12 12 12 12 12 12 12 12 12 12 12 12 12 12 4294967295 4294967295 4294967295 4294967295 4294967295 4294967295 
12 0 0 0 0 0 0 0 0 0 0 0 0 0 0 0 0 0 0 0 0 0 0 0 0 0 0 0 0 0 0 0 0 0 0 0 0 0 0 0 0 0 0 0 0 0 0 0 0 0 0 0 0 0 0 0 0 0 0 0 0 0 0 0 0 0 0 0 0 0 0 0 0 0 0 0 0 0 0 0 0 0 0 0 0 0 0 0 0 0 0 0 0 0 0 0 12 4294967295 4294967295 4294967295 4294967295 4294967295 4294967295 
12 0 0 0 0 0 0 0 0 0 0 0 0 0 0 0 0 0 0 0 0 0 0 0 0 0 0 0 0 0 0 0 0 0 0 0 0 0 0 0 0 0 0 0 0 0 0 0 0 0 0 0 0 0 0 0 0 0 0 0 0 0 0 0 0 0 0 0 0 0 0 0 0 0 0 0 0 0 0 0 0 0 0 0 0 0 0 0 0 0 0 0 0 0 0 0 12 4294967295 4294967295 4294967295 4294967295 4294967295 4294967295 
12 0 0 0 0 0 0 0 0 0 0 0 0 0 0 0 0 0 0 0 0 0 0 0 0 0 0 0 0 0 0 0 0 0 0 0 0 0 0 0 0 0 0 0 0 0 0 0 0 0 0 0 0 0 0 0 0 0 0 0 0 0 0 0 0 0 0 0 0 0 0 0 0 0 0 0 0 0 0 0 0 0 0 0 0 0 0 0 0 0 0 0 0 0 0 0 12 4294967295 4294967295 4294967295 4294967295 4294967295 4294967295 
12 0 0 0 0 0 0 0 0 0 0 0 0 0 0 0 0 0 0 0 0 0 0 0 0 0 0 0 0 0 0 0 0 0 0 0 0 0 0 0 0 0 0 0 0 0 0 0 0 0 0 0 0 0 0 0 0 0 0 0 0 0 0 0 0 0 0 0 0 0 0 0 0 0 0 0 0 0 0 0 0 0 0 0 0 0 0 0 0 0 0 0 0 0 0 0 12 4294967295 4294967295 4294967295 4294967295 4294967295 4294967295 
12 0 0 0 0 0 0 0 0 0 0 0 0 0 0 0 0 0 0 0 0 0 0 0 0 0 0 0 0 0 0 0 0 0 0 0 0 0 0 0 0 0 0 0 0 0 0 0 0 0 0 0 0 0 0 0 0 0 0 0 0 0 0 0 0 0 0 0 0 0 0 0 0 0 0 0 0 0 0 0 0 0 0 0 0 0 0 0 0 0 0 0 0 0 0 0 12 4294967295 4294967295 4294967295 4294967295 4294967295 4294967295 
12 0 0 0 0 0 0 0 0 0 0 0 0 0 0 0 0 0 0 0 0 0 0 0 0 0 0 0 0 0 0 0 0 0 0 0 0 0 0 0 0 0 0 0 0 0 0 0 0 0 0 0 0 0 0 0 0 0 0 0 0 0 0 0 0 0 0 0 0 0 0 0 0 0 0 0 0 0 0 0 0 0 0 0 0 0 0 0 0 0 0 0 0 0 0 0 12 4294967295 4294967295 4294967295 4294967295 4294967295 4294967295 
12 0 0 0 0 0 0 0 0 0 0 0 0 0 0 0 0 0 0 0 0 0 0 0 0 0 0 0 0 0 0 0 0 0 0 0 0 0 0 0 0 0 0 0 0 0 0 0 0 0 0 0 0 0 0 0 0 0 0 0 0 0 0 0 0 0 0 0 0 0 0 0 0 0 0 0 0 0 0 0 0 0 0 0 0 0 0 0 0 0 0 0 0 0 0 0 12 4294967295 4294967295 4294967295 4294967295 4294967295 4294967295 
12 0 0 0 0 0 0 0 0 0 0 0 0 0 0 0 0 0 0 0 0 0 0 0 0 0 0 0 0 0 0 0 0 0 0 0 0 0 0 0 0 0 0 0 0 0 0 0 0 0 0 0 0 0 0 0 0 0 0 0 0 0 0 0 0 0 0 0 0 0 0 0 0 0 0 0 0 0 0 0 0 0 0 0 0 0 0 0 0 0 0 0 0 0 0 0 12 4294967295 4294967295 4294967295 4294967295 4294967295 4294967295 
12 0 0 0 0 0 0 0 0 0 0 0 0 0 0 0 0 0 0 0 0 0 0 0 0 0 0 0 0 0 0 0 0 0 0 0 0 0 0 0 0 0 0 0 0 0 0 0 0 0 0 0 0 0 0 0 0 0 0 0 0 0 0 0 0 0 0 0 0 0 0 0 0 0 0 0 0 0 0 0 0 0 0 0 0 0 0 0 0 0 0 0 0 0 0 0 12 4294967295 4294967295 4294967295 4294967295 4294967295 4294967295 
12 0 0 0 0 0 0 0 0 0 0 0 0 0 0 0 0 0 0 0 0 0 0 0 0 0 0 0 0 0 0 0 0 0 0 0 0 0 0 0 0 0 0 0 0 0 0 0 0 0 0 0 0 0 0 0 0 0 0 0 0 0 0 0 0 0 0 0 0 0 0 0 0 0 0 0 0 0 0 0 0 0 0 0 0 0 0 0 0 0 0 0 0 0 0 0 12 4294967295 4294967295 4294967295 4294967295 4294967295 4294967295 
12 0 0 0 0 0 0 0 0 0 0 0 0 0 0 0 0 0 0 0 0 0 0 0 0 0 0 0 0 0 0 0 0 0 0 0 0 0 0 0 0 0 0 0 0 0 0 0 0 0 0 0 0 0 0 0 0 0 0 0 0 0 0 0 0 0 0 0 0 0 0 0 0 0 0 0 0 0 0 0 0 0 0 0 0 0 0 0 0 0 0 0 0 0 0 0 12 4294967295 4294967295 4294967295 4294967295 4294967295 4294967295 
12 0 0 0 0 0 0 0 0 0 0 0 0 0 0 0 0 0 0 0 0 0 0 0 0 0 0 0 0 0 0 0 0 0 0 0 0 0 0 0 0 0 0 0 0 0 0 0 0 0 0 0 0 0 0 0 0 0 0 0 0 0 0 0 0 0 0 0 0 0 0 0 0 0 0 0 0 0 0 0 0 0 0 0 0 0 0 0 0 0 0 0 0 0 0 0 12 4294967295 4294967295 4294967295 4294967295 4294967295 4294967295 
12 0 0 0 0 0 0 0 0 0 0 0 0 0 0 0 0 0 0 0 0 0 0 0 0 0 0 0 0 0 0 0 0 0 0 0 0 0 0 0 0 0 0 0 0 0 0 0 0 0 0 0 0 0 0 0 0 0 0 0 0 0 0 0 0 0 0 0 0 0 0 0 0 0 0 0 0 0 0 0 0 0 0 0 0 0 0 0 0 0 0 0 0 0 0 0 12 4294967295 4294967295 4294967295 4294967295 4294967295 4294967295 
12 0 0 0 0 0 0 0 0 0 0 0 0 0 0 0 0 0 0 0 0 0 0 0 0 0 0 0 0 0 0 0 0 0 0 0 0 0 0 0 0 0 0 0 0 0 0 0 0 0 0 0 0 0 0 0 0 0 0 0 0 0 0 0 0 0 0 0 0 0 0 0 0 0 0 0 0 0 0 0 0 0 0 0 0 0 0 0 0 0 0 0 0 0 0 0 12 4294967295 4294967295 4294967295 4294967295 4294967295 4294967295 
12 0 0 0 0 0 0 0 0 0 0 0 0 0 0 0 0 0 0 0 0 0 0 0 0 0 0 0 0 0 0 0 0 0 0 0 0 0 0 0 0 0 0 0 0 0 0 0 0 0 0 0 0 0 0 0 0 0 0 0 0 0 0 0 0 0 0 0 0 0 0 0 0 0 0 0 0 0 0 0 0 0 0 0 0 0 0 0 0 0 0 0 0 0 0 0 12 4294967295 4294967295 4294967295 4294967295 4294967295 4294967295 
12 0 0 0 0 0 0 0 0 0 0 0 0 0 0 0 0 0 0 0 0 0 0 0 0 0 0 0 0 0 0 0 0 0 0 0 0 0 0 0 0 0 0 0 0 0 0 0 0 0 0 0 0 0 0 0 0 0 0 0 0 0 0 0 0 0 0 0 0 0 0 0 0 0 0 0 0 0 0 0 0 0 0 0 0 0 0 0 0 0 0 0 0 0 0 0 12 4294967295 4294967295 4294967295 4294967295 4294967295 4294967295 
12 0 0 0 0 0 0 0 0 0 0 0 0 0 0 0 0 0 0 0 0 0 0 0 0 0 0 0 0 0 0 0 0 0 0 0 0 0 0 0 0 0 0 0 0 0 0 0 0 0 0 0 0 0 0 0 0 0 0 0 0 0 0 0 0 0 0 0 0 0 0 0 0 0 0 0 0 0 0 0 0 0 0 0 0 0 0 0 0 0 0 0 0 0 0 0 12 4294967295 4294967295 4294967295 4294967295 4294967295 4294967295 
12 0 0 0 0 0 0 0 0 0 0 0 0 0 0 0 0 0 0 0 0 0 0 0 0 0 0 0 0 0 0 0 0 0 0 0 0 0 0 0 0 0 0 0 0 0 0 0 0 0 0 0 0 0 0 0 0 0 0 0 0 0 0 0 0 0 0 0 0 0 0 0 0 0 0 0 0 0 0 0 0 0 0 0 0 0 0 0 0 0 0 0 0 0 0 0 12 4294967295 4294967295 4294967295 4294967295 4294967295 4294967295 
12 0 0 0 0 0 0 0 0 0 0 0 0 0 0 0 0 0 0 0 0 0 0 0 0 0 0 0 0 0 0 0 0 0 0 0 0 0 0 0 0 0 0 0 0 0 0 0 0 0 0 0 0 0 0 0 0 0 0 0 0 0 0 0 0 0 0 0 0 0 0 0 0 0 0 0 0 0 0 0 0 0 0 0 0 0 0 0 0 0 0 0 0 0 0 0 12 4294967295 4294967295 4294967295 4294967295 4294967295 4294967295 
12 0 0 0 0 0 0 0 0 0 0 0 0 0 0 0 0 0 0 0 0 0 0 0 0 0 0 0 0 0 0 0 0 0 0 0 0 0 0 0 0 0 0 0 0 0 0 0 0 0 0 0 0 0 0 0 0 0 0 0 0 0 0 0 0 0 0 0 0 0 0 0 0 0 0 0 0 0 0 0 0 0 0 0 0 0 0 0 0 0 0 0 0 0 0 0 12 4294967295 4294967295 4294967295 4294967295 4294967295 4294967295 
12 0 0 0 0 0 0 0 0 0 0 0 0 0 0 0 0 0 0 0 0 0 0 0 0 0 0 0 0 0 0 0 0 0 0 0 0 0 0 0 0 0 0 0 0 0 0 0 0 0 0 0 0 0 0 0 0 0 0 0 0 0 0 0 0 0 0 0 0 0 0 0 0 0 0 0 0 0 0 0 0 0 0 0 0 0 0 0 0 0 0 0 0 0 0 0 12 4294967295 4294967295 4294967295 4294967295 4294967295 4294967295 
12 0 0 0 0 0 0 0 0 0 0 0 0 0 0 0 0 0 0 0 0 0 0 0 0 0 0 0 0 0 0 0 0 0 0 0 0 0 0 0 0 0 0 0 0 0 0 0 0 0 0 0 0 0 0 0 0 0 0 0 0 0 0 0 0 0 0 0 0 0 0 0 0 0 0 0 0 0 0 0 0 0 0 0 0 0 0 0 0 0 0 0 0 0 0 0 12 4294967295 4294967295 4294967295 4294967295 4294967295 4294967295 
12 12 12 12 12 12 12 12 12 12 12 12 12 12 12 12 12 12 12 12 12 12 12 12 12 12 12 12 12 12 12 12 12 12 12 12 12 12 12 12 12 12 12 12 12 12 12 12 12 12 12 12 12 12 12 12 12 12 12 12 12 12 12 12 12 12 12 12 12 12 12 12 12 12 12 12 12 12 12 12 12 12 12 12 12 12 12 12 12 12 12 12 12 12 12 12 12 4294967295 4294967295 4294967295 4294967295 4294967295 4294967295 
12 0 0 0 0 0 0 0 0 0 0 0 0 0 0 0 0 0 0 0 0 0 0 0 0 0 0 0 0 0 0 0 0 0 0 0 0 0 0 0 0 0 0 0 0 0 0 0 0 0 0 0 0 0 0 0 0 0 0 0 0 0 0 0 0 0 0 0 0 0 0 0 0 0 0 0 0 0 0 0 0 0 0 0 0 0 0 0 0 0 0 0 0 0 0 0 12 4294967295 4294967295 4294967295 4294967295 4294967295 4294967295 
12 0 0 0 0 0 0 0 0 0 0 0 0 0 0 0 0 0 0 0 0 0 0 0 0 0 0 0 0 0 0 0 0 0 0 0 0 0 0 0 0 0 0 0 0 0 0 0 0 0 0 0 0 0 0 0 0 0 0 0 0 0 0 0 0 0 0 0 0 0 0 0 0 0 0 0 0 0 0 0 0 0 0 0 0 0 0 0 0 0 0 0 0 0 0 0 12 4294967295 4294967295 4294967295 4294967295 4294967295 4294967295 
12 0 0 0 0 0 0 0 0 0 0 0 0 0 0 0 0 0 0 0 0 0 0 0 0 0 0 0 0 0 0 0 0 0 0 0 0 0 0 0 0 0 0 0 0 0 0 0 0 0 0 0 0 0 0 0 0 0 0 0 0 0 0 0 0 0 0 0 0 0 0 0 0 0 0 0 0 0 0 0 0 0 0 0 0 0 0 0 0 0 0 0 0 0 0 0 12 4294967295 4294967295 4294967295 4294967295 4294967295 4294967295 
12 0 0 0 0 0 0 0 0 0 0 0 0 0 0 0 0 0 0 0 0 0 0 0 0 0 0 0 0 0 0 0 0 0 0 0 0 0 0 0 0 0 0 0 0 0 0 0 0 0 0 0 0 0 0 0 0 0 0 0 0 0 0 0 0 0 0 0 0 0 0 0 0 0 0 0 0 0 0 0 0 0 0 0 0 0 0 0 0 0 0 0 0 0 0 0 12 4294967295 4294967295 4294967295 4294967295 4294967295 4294967295 
12 0 0 0 0 0 0 0 0 0 0 0 0 0 0 0 0 0 0 0 0 0 0 0 0 0 0 0 0 0 0 0 0 0 0 0 0 0 0 0 0 0 0 0 0 0 0 0 0 0 0 0 0 0 0 0 0 0 0 0 0 0 0 0 0 0 0 0 0 0 0 0 0 0 0 0 0 0 0 0 0 0 0 0 0 0 0 0 0 0 0 0 0 0 0 0 12 4294967295 4294967295 4294967295 4294967295 4294967295 4294967295 
12 0 0 0 0 0 0 0 0 0 0 0 0 0 0 0 0 0 0 0 0 0 0 0 0 0 0 0 0 0 0 0 0 0 0 0 0 0 0 0 0 0 0 0 0 0 0 0 0 0 0 0 0 0 0 0 0 0 0 0 0 0 0 0 0 0 0 0 0 0 0 0 0 0 0 0 0 0 0 0 0 0 0 0 0 0 0 0 0 0 0 0 0 0 0 0 12 4294967295 4294967295 4294967295 4294967295 4294967295 4294967295 
12 0 0 0 0 0 0 0 0 0 0 0 0 0 0 0 0 0 0 0 0 0 0 0 0 0 0 0 0 0 0 0 0 0 0 0 0 0 0 0 0 0 0 0 0 0 0 0 0 0 0 0 0 0 0 0 0 0 0 0 0 0 0 0 0 0 0 0 0 0 0 0 0 0 0 0 0 0 0 0 0 0 0 0 0 0 0 0 0 0 0 0 0 0 0 0 12 4294967295 4294967295 4294967295 4294967295 4294967295 4294967295 
12 0 0 0 0 0 0 0 0 0 0 0 0 0 0 0 0 0 0 0 0 0 0 0 0 0 0 0 0 0 0 0 0 0 0 0 0 0 0 0 0 0 0 0 0 0 0 0 0 0 0 0 0 0 0 0 0 0 0 0 0 0 0 0 0 0 0 0 0 0 0 0 0 0 0 0 0 0 0 0 0 0 0 0 0 0 0 0 0 0 0 0 0 0 0 0 12 4294967295 4294967295 4294967295 4294967295 4294967295 4294967295 
12 0 0 0 0 0 0 0 0 0 0 0 0 0 0 0 0 0 0 0 0 0 0 0 0 0 0 0 0 0 0 0 0 0 0 0 0 0 0 0 0 0 0 0 0 0 0 0 0 0 0 0 0 0 0 0 0 0 0 0 0 0 0 0 0 0 0 0 0 0 0 0 0 0 0 0 0 0 0 0 0 0 0 0 0 0 0 0 0 0 0 0 0 0 0 0 12 4294967295 4294967295 4294967295 4294967295 4294967295 4294967295 
12 0 0 0 0 0 0 0 0 0 0 0 0 0 0 0 0 0 0 0 0 0 0 0 0 0 0 0 0 0 0 0 0 0 0 0 0 0 0 0 0 0 0 0 0 0 0 0 0 0 0 0 0 0 0 0 0 0 0 0 0 0 0 0 0 0 0 0 0 0 0 0 0 0 0 0 0 0 0 0 0 0 0 0 0 0 0 0 0 0 0 0 0 0 0 0 12 4294967295 4294967295 4294967295 4294967295 4294967295 4294967295 
12 0 0 0 0 0 0 0 0 0 0 0 0 0 0 0 0 0 0 0 0 0 0 0 0 0 0 0 0 0 0 0 0 0 0 0 0 0 0 0 0 0 0 0 0 0 0 0 0 0 0 0 0 0 0 0 0 0 0 0 0 0 0 0 0 0 0 0 0 0 0 0 0 0 0 0 0 0 0 0 0 0 0 0 0 0 0 0 0 0 0 0 0 0 0 0 12 4294967295 4294967295 4294967295 4294967295 4294967295 4294967295 
12 0 0 0 0 0 0 0 0 0 0 0 0 0 0 0 0 0 0 0 0 0 0 0 0 0 0 0 0 0 0 0 0 0 0 0 0 0 0 0 0 0 0 0 0 0 0 0 0 0 0 0 0 0 0 0 0 0 0 0 0 0 0 0 0 0 0 0 0 0 0 0 0 0 0 0 0 0 0 0 0 0 0 0 0 0 0 0 0 0 0 0 0 0 0 0 12 4294967295 4294967295 4294967295 4294967295 4294967295 4294967295 
12 0 0 0 0 0 0 0 0 0 0 0 0 0 0 0 0 0 0 0 0 0 0 0 0 0 0 0 0 0 0 0 0 0 0 0 0 0 0 0 0 0 0 0 0 0 0 0 0 0 0 0 0 0 0 0 0 0 0 0 0 0 0 0 0 0 0 0 0 0 0 0 0 0 0 0 0 0 0 0 0 0 0 0 0 0 0 0 0 0 0 0 0 0 0 0 12 4294967295 4294967295 4294967295 4294967295 4294967295 4294967295 
12 0 0 0 0 0 0 0 0 0 0 0 0 0 0 0 0 0 0 0 0 0 0 0 0 0 0 0 0 0 0 0 0 0 0 0 0 0 0 0 0 0 0 0 0 0 0 0 0 0 0 0 0 0 0 0 0 0 0 0 0 0 0 0 0 0 0 0 0 0 0 0 0 0 0 0 0 0 0 0 0 0 0 0 0 0 0 0 0 0 0 0 0 0 0 0 12 4294967295 4294967295 4294967295 4294967295 4294967295 4294967295 
12 0 0 0 0 0 0 0 0 0 0 0 0 0 0 0 0 0 0 0 0 0 0 0 0 0 0 0 0 0 0 0 0 0 0 0 0 0 0 0 0 0 0 0 0 0 0 0 0 0 0 0 0 0 0 0 0 0 0 0 0 0 0 0 0 0 0 0 0 0 0 0 0 0 0 0 0 0 0 0 0 0 0 0 0 0 0 0 0 0 0 0 0 0 0 0 12 4294967295 4294967295 4294967295 4294967295 4294967295 4294967295 
12 0 0 0 0 0 0 0 0 0 0 0 0 0 0 0 0 0 0 0 0 0 0 0 0 0 0 0 0 0 0 0 0 0 0 0 0 0 0 0 0 0 0 0 0 0 0 0 0 0 0 0 0 0 0 0 0 0 0 0 0 0 0 0 0 0 0 0 0 0 0 0 0 0 0 0 0 0 0 0 0 0 0 0 0 0 0 0 0 0 0 0 0 0 0 0 12 4294967295 4294967295 4294967295 4294967295 4294967295 4294967295 
12 0 0 0 0 0 0 0 0 0 0 0 0 0 0 0 0 0 0 0 0 0 0 0 0 0 0 0 0 0 0 0 0 0 0 0 0 0 0 0 0 0 0 0 0 0 0 0 0 0 0 0 0 0 0 0 0 0 0 0 0 0 0 0 0 0 0 0 0 0 0 0 0 0 0 0 0 0 0 0 0 0 0 0 0 0 0 0 0 0 0 0 0 0 0 0 12 4294967295 4294967295 4294967295 4294967295 4294967295 4294967295 
12 0 0 0 0 0 0 0 0 0 0 0 0 0 0 0 0 0 0 0 0 0 0 0 0 0 0 0 0 0 0 0 0 0 0 0 0 0 0 0 0 0 0 0 0 0 0 0 0 0 0 0 0 0 0 0 0 0 0 0 0 0 0 0 0 0 0 0 0 0 0 0 0 0 0 0 0 0 0 0 0 0 0 0 0 0 0 0 0 0 0 0 0 0 0 0 12 4294967295 4294967295 4294967295 4294967295 4294967295 4294967295 
12 0 0 0 0 0 0 0 0 0 0 0 0 0 0 0 0 0 0 0 0 0 0 0 0 0 0 0 0 0 0 0 0 0 0 0 0 0 0 0 0 0 0 0 0 0 0 0 0 0 0 0 0 0 0 0 0 0 0 0 0 0 0 0 0 0 0 0 0 0 0 0 0 0 0 0 0 0 0 0 0 0 0 0 0 0 0 0 0 0 0 0 0 0 0 0 12 4294967295 4294967295 4294967295 4294967295 4294967295 4294967295 
12 0 0 0 0 0 0 0 0 0 0 0 0 0 0 0 0 0 0 0 0 0 0 0 0 0 0 0 0 0 0 0 0 0 0 0 0 0 0 0 0 0 0 0 0 0 0 0 0 0 0 0 0 0 0 0 0 0 0 0 0 0 0 0 0 0 0 0 0 0 0 0 0 0 0 0 0 0 0 0 0 0 0 0 0 0 0 0 0 0 0 0 0 0 0 0 12 4294967295 4294967295 4294967295 4294967295 4294967295 4294967295 
12 0 0 0 0 0 0 0 0 0 0 0 0 0 0 0 0 0 0 0 0 0 0 0 0 0 0 0 0 0 0 0 0 0 0 0 0 0 0 0 0 0 0 0 0 0 0 0 0 0 0 0 0 0 0 0 0 0 0 0 0 0 0 0 0 0 0 0 0 0 0 0 0 0 0 0 0 0 0 0 0 0 0 0 0 0 0 0 0 0 0 0 0 0 0 0 12 4294967295 4294967295 4294967295 4294967295 4294967295 4294967295 
12 0 0 0 0 0 0 0 0 0 0 0 0 0 0 0 0 0 0 0 0 0 0 0 0 0 0 0 0 0 0 0 0 0 0 0 0 0 0 0 0 0 0 0 0 0 0 0 0 0 0 0 0 0 0 0 0 0 0 0 0 0 0 0 0 0 0 0 0 0 0 0 0 0 0 0 0 0 0 0 0 0 0 0 0 0 0 0 0 0 0 0 0 0 0 0 12 4294967295 4294967295 4294967295 4294967295 4294967295 4294967295 
12 0 0 0 0 0 0 0 0 0 0 0 0 0 0 0 0 0 0 0 0 0 0 0 0 0 0 0 0 0 0 0 0 0 0 0 0 0 0 0 0 0 0 0 0 0 0 0 0 0 0 0 0 0 0 0 0 0 0 0 0 0 0 0 0 0 0 0 0 0 0 0 0 0 0 0 0 0 0 0 0 0 0 0 0 0 0 0 0 0 0 0 0 0 0 0 12 4294967295 4294967295 4294967295 4294967295 4294967295 4294967295 
12 0 0 0 0 0 0 0 0 0 0 0 0 0 0 0 0 0 0 0 0 0 0 0 0 0 0 0 0 0 0 0 0 0 0 0 0 0 0 0 0 0 0 0 0 0 0 0 0 0 0 0 0 0 0 0 0 0 0 0 0 0 0 0 0 0 0 0 0 0 0 0 0 0 0 0 0 0 0 0 0 0 0 0 0 0 0 0 0 0 0 0 0 0 0 0 12 4294967295 4294967295 4294967295 4294967295 4294967295 4294967295 
12 12 12 12 12 12 12 12 12 12 12 12 12 12 12 12 12 12 12 12 12 12 12 12 12 12 12 12 12 12 12 12 12 12 12 12 12 12 12 12 12 12 12 12 12 12 12 12 12 12 12 12 12 12 12 12 12 12 12 12 12 12 12 12 12 12 12 12 12 12 12 12 12 12 12 12 12 12 12 12 12 12 12 12 12 12 12 12 12 12 12 12 12 12 12 12 12 4294967295 4294967295 4294967295 4294967295 4294967295 4294967295 
12 0 0 0 0 0 0 0 0 0 0 0 0 0 0 0 0 0 0 0 0 0 0 0 0 0 0 0 0 0 0 0 0 0 0 0 0 0 0 0 0 0 0 0 0 0 0 0 0 0 0 0 0 0 0 0 0 0 0 0 0 0 0 0 0 0 0 0 0 0 0 0 0 0 0 0 0 0 0 0 0 0 0 0 0 0 0 0 0 0 0 0 0 0 0 0 12 4294967295 4294967295 4294967295 4294967295 4294967295 4294967295 
12 0 0 0 0 0 0 0 0 0 0 0 0 0 0 0 0 0 0 0 0 0 0 0 0 0 0 0 0 0 0 0 0 0 0 0 0 0 0 0 0 0 0 0 0 0 0 0 0 0 0 0 0 0 0 0 0 0 0 0 0 0 0 0 0 0 0 0 0 0 0 0 0 0 0 0 0 0 0 0 0 0 0 0 0 0 0 0 0 0 0 0 0 0 0 0 12 4294967295 4294967295 4294967295 4294967295 4294967295 4294967295 
12 0 0 0 0 0 0 0 0 0 0 0 0 0 0 0 0 0 0 0 0 0 0 0 0 0 0 0 0 0 0 0 0 0 0 0 0 0 0 0 0 0 0 0 0 0 0 0 0 0 0 0 0 0 0 0 0 0 0 0 0 0 0 0 0 0 0 0 0 0 0 0 0 0 0 0 0 0 0 0 0 0 0 0 0 0 0 0 0 0 0 0 0 0 0 0 12 4294967295 4294967295 4294967295 4294967295 4294967295 4294967295 
12 0 0 0 0 0 0 0 0 0 0 0 0 0 0 0 0 0 0 0 0 0 0 0 0 0 0 0 0 0 0 0 0 0 0 0 0 0 0 0 0 0 0 0 0 0 0 0 0 0 0 0 0 0 0 0 0 0 0 0 0 0 0 0 0 0 0 0 0 0 0 0 0 0 0 0 0 0 0 0 0 0 0 0 0 0 0 0 0 0 0 0 0 0 0 0 12 4294967295 4294967295 4294967295 4294967295 4294967295 4294967295 
12 0 0 0 0 0 0 0 0 0 0 0 0 0 0 0 0 0 0 0 0 0 0 0 0 0 0 0 0 0 0 0 0 0 0 0 0 0 0 0 0 0 0 0 0 0 0 0 0 0 0 0 0 0 0 0 0 0 0 0 0 0 0 0 0 0 0 0 0 0 0 0 0 0 0 0 0 0 0 0 0 0 0 0 0 0 0 0 0 0 0 0 0 0 0 0 12 4294967295 4294967295 4294967295 4294967295 4294967295 4294967295 
12 0 0 0 0 0 0 0 0 0 0 0 0 0 0 0 0 0 0 0 0 0 0 0 0 0 0 0 0 0 0 0 0 0 0 0 0 0 0 0 0 0 0 0 0 0 0 0 0 0 0 0 0 0 0 0 0 0 0 0 0 0 0 0 0 0 0 0 0 0 0 0 0 0 0 0 0 0 0 0 0 0 0 0 0 0 0 0 0 0 0 0 0 0 0 0 12 4294967295 4294967295 4294967295 4294967295 4294967295 4294967295 
12 0 0 0 0 0 0 0 0 0 0 0 0 0 0 0 0 0 0 0 0 0 0 0 0 0 0 0 0 0 0 0 0 0 0 0 0 0 0 0 0 0 0 0 0 0 0 0 0 0 0 0 0 0 0 0 0 0 0 0 0 0 0 0 0 0 0 0 0 0 0 0 0 0 0 0 0 0 0 0 0 0 0 0 0 0 0 0 0 0 0 0 0 0 0 0 12 4294967295 4294967295 4294967295 4294967295 4294967295 4294967295 
12 0 0 0 0 0 0 0 0 0 0 0 0 0 0 0 0 0 0 0 0 0 0 0 0 0 0 0 0 0 0 0 0 0 0 0 0 0 0 0 0 0 0 0 0 0 0 0 0 0 0 0 0 0 0 0 0 0 0 0 0 0 0 0 0 0 0 0 0 0 0 0 0 0 0 0 0 0 0 0 0 0 0 0 0 0 0 0 0 0 0 0 0 0 0 0 12 4294967295 4294967295 4294967295 4294967295 4294967295 4294967295 
12 0 0 0 0 0 0 0 0 0 0 0 0 0 0 0 0 0 0 0 0 0 0 0 0 0 0 0 0 0 0 0 0 0 0 0 0 0 0 0 0 0 0 0 0 0 0 0 0 0 0 0 0 0 0 0 0 0 0 0 0 0 0 0 0 0 0 0 0 0 0 0 0 0 0 0 0 0 0 0 0 0 0 0 0 0 0 0 0 0 0 0 0 0 0 0 12 4294967295 4294967295 4294967295 4294967295 4294967295 4294967295 
12 0 0 0 0 0 0 0 0 0 0 0 0 0 0 0 0 0 0 0 0 0 0 0 0 0 0 0 0 0 0 0 0 0 0 0 0 0 0 0 0 0 0 0 0 0 0 0 0 0 0 0 0 0 0 0 0 0 0 0 0 0 0 0 0 0 0 0 0 0 0 0 0 0 0 0 0 0 0 0 0 0 0 0 0 0 0 0 0 0 0 0 0 0 0 0 12 4294967295 4294967295 4294967295 4294967295 4294967295 4294967295 
12 0 0 0 0 0 0 0 0 0 0 0 0 0 0 0 0 0 0 0 0 0 0 0 0 0 0 0 0 0 0 0 0 0 0 0 0 0 0 0 0 0 0 0 0 0 0 0 0 0 0 0 0 0 0 0 0 0 0 0 0 0 0 0 0 0 0 0 0 0 0 0 0 0 0 0 0 0 0 0 0 0 0 0 0 0 0 0 0 0 0 0 0 0 0 0 12 4294967295 4294967295 4294967295 4294967295 4294967295 4294967295 
12 0 0 0 0 0 0 0 0 0 0 0 0 0 0 0 0 0 0 0 0 0 0 0 0 0 0 0 0 0 0 0 0 0 0 0 0 0 0 0 0 0 0 0 0 0 0 0 0 0 0 0 0 0 0 0 0 0 0 0 0 0 0 0 0 0 0 0 0 0 0 0 0 0 0 0 0 0 0 0 0 0 0 0 0 0 0 0 0 0 0 0 0 0 0 0 12 4294967295 4294967295 4294967295 4294967295 4294967295 4294967295 
12 0 0 0 0 0 0 0 0 0 0 0 0 0 0 0 0 0 0 0 0 0 0 0 0 0 0 0 0 0 0 0 0 0 0 0 0 0 0 0 0 0 0 0 0 0 0 0 0 0 0 0 0 0 0 0 0 0 0 0 0 0 0 0 0 0 0 0 0 0 0 0 0 0 0 0 0 0 0 0 0 0 0 0 0 0 0 0 0 0 0 0 0 0 0 0 12 4294967295 4294967295 4294967295 4294967295 4294967295 4294967295 
12 0 0 0 0 0 0 0 0 0 0 0 0 0 0 0 0 0 0 0 0 0 0 0 0 0 0 0 0 0 0 0 0 0 0 0 0 0 0 0 0 0 0 0 0 0 0 0 0 0 0 0 0 0 0 0 0 0 0 0 0 0 0 0 0 0 0 0 0 0 0 0 0 0 0 0 0 0 0 0 0 0 0 0 0 0 0 0 0 0 0 0 0 0 0 0 12 4294967295 4294967295 4294967295 4294967295 4294967295 4294967295 
12 0 0 0 0 0 0 0 0 0 0 0 0 0 0 0 0 0 0 0 0 0 0 0 0 0 0 0 0 0 0 0 0 0 0 0 0 0 0 0 0 0 0 0 0 0 0 0 0 0 0 0 0 0 0 0 0 0 0 0 0 0 0 0 0 0 0 0 0 0 0 0 0 0 0 0 0 0 0 0 0 0 0 0 0 0 0 0 0 0 0 0 0 0 0 0 12 4294967295 4294967295 4294967295 4294967295 4294967295 4294967295 
12 0 0 0 0 0 0 0 0 0 0 0 0 0 0 0 0 0 0 0 0 0 0 0 0 0 0 0 0 0 0 0 0 0 0 0 0 0 0 0 0 0 0 0 0 0 0 0 0 0 0 0 0 0 0 0 0 0 0 0 0 0 0 0 0 0 0 0 0 0 0 0 0 0 0 0 0 0 0 0 0 0 0 0 0 0 0 0 0 0 0 0 0 0 0 0 12 4294967295 4294967295 4294967295 4294967295 4294967295 4294967295 
12 0 0 0 0 0 0 0 0 0 0 0 0 0 0 0 0 0 0 0 0 0 0 0 0 0 0 0 0 0 0 0 0 0 0 0 0 0 0 0 0 0 0 0 0 0 0 0 0 0 0 0 0 0 0 0 0 0 0 0 0 0 0 0 0 0 0 0 0 0 0 0 0 0 0 0 0 0 0 0 0 0 0 0 0 0 0 0 0 0 0 0 0 0 0 0 12 4294967295 4294967295 4294967295 4294967295 4294967295 4294967295 
12 0 0 0 0 0 0 0 0 0 0 0 0 0 0 0 0 0 0 0 0 0 0 0 0 0 0 0 0 0 0 0 0 0 0 0 0 0 0 0 0 0 0 0 0 0 0 0 0 0 0 0 0 0 0 0 0 0 0 0 0 0 0 0 0 0 0 0 0 0 0 0 0 0 0 0 0 0 0 0 0 0 0 0 0 0 0 0 0 0 0 0 0 0 0 0 12 4294967295 4294967295 4294967295 4294967295 4294967295 4294967295 
12 0 0 0 0 0 0 0 0 0 0 0 0 0 0 0 0 0 0 0 0 0 0 0 0 0 0 0 0 0 0 0 0 0 0 0 0 0 0 0 0 0 0 0 0 0 0 0 0 0 0 0 0 0 0 0 0 0 0 0 0 0 0 0 0 0 0 0 0 0 0 0 0 0 0 0 0 0 0 0 0 0 0 0 0 0 0 0 0 0 0 0 0 0 0 0 12 4294967295 4294967295 4294967295 4294967295 4294967295 4294967295 
12 0 0 0 0 0 0 0 0 0 0 0 0 0 0 0 0 0 0 0 0 0 0 0 0 0 0 0 0 0 0 0 0 0 0 0 0 0 0 0 0 0 0 0 0 0 0 0 0 0 0 0 0 0 0 0 0 0 0 0 0 0 0 0 0 0 0 0 0 0 0 0 0 0 0 0 0 0 0 0 0 0 0 0 0 0 0 0 0 0 0 0 0 0 0 0 12 4294967295 4294967295 4294967295 4294967295 4294967295 4294967295 
12 0 0 0 0 0 0 0 0 0 0 0 0 0 0 0 0 0 0 0 0 0 0 0 0 0 0 0 0 0 0 0 0 0 0 0 0 0 0 0 0 0 0 0 0 0 0 0 0 0 0 0 0 0 0 0 0 0 0 0 0 0 0 0 0 0 0 0 0 0 0 0 0 0 0 0 0 0 0 0 0 0 0 0 0 0 0 0 0 0 0 0 0 0 0 0 12 4294967295 4294967295 4294967295 4294967295 4294967295 4294967295 
12 0 0 0 0 0 0 0 0 0 0 0 0 0 0 0 0 0 0 0 0 0 0 0 0 0 0 0 0 0 0 0 0 0 0 0 0 0 0 0 0 0 0 0 0 0 0 0 0 0 0 0 0 0 0 0 0 0 0 0 0 0 0 0 0 0 0 0 0 0 0 0 0 0 0 0 0 0 0 0 0 0 0 0 0 0 0 0 0 0 0 0 0 0 0 0 12 4294967295 4294967295 4294967295 4294967295 4294967295 4294967295 
12 12 12 12 12 12 12 12 12 12 12 12 12 12 12 12 12 12 12 12 12 12 12 12 12 12 12 12 12 12 12 12 12 12 12 12 12 12 12 12 12 12 12 12 12 12 12 12 12 12 12 12 12 12 12 12 12 12 12 12 12 12 12 12 12 12 12 12 12 12 12 12 12 12 12 12 12 12 12 12 12 12 12 12 12 12 12 12 12 12 12 12 12 12 12 12 12 4294967295 4294967295 4294967295 4294967295 4294967295 4294967295 
4294967295 4294967295 4294967295 4294967295 4294967295 4294967295 4294967295 4294967295 4294967295 4294967295 4294967295 4294967295 4294967295 4294967295 4294967295 4294967295 4294967295 4294967295 4294967295 4294967295 4294967295 4294967295 4294967295 4294967295 4294967295 4294967295 4294967295 4294967295 4294967295 4294967295 4294967295 4294967295 4294967295 4294967295 4294967295 4294967295 4294967295 4294967295 4294967295 4294967295 4294967295 4294967295 4294967295 4294967295 4294967295 4294967295 4294967295 4294967295 4294967295 4294967295 4294967295 4294967295 4294967295 4294967295 4294967295 4294967295 4294967295 4294967295 4294967295 4294967295 4294967295 4294967295 4294967295 4294967295 4294967295 4294967295 4294967295 4294967295 4294967295 4294967295 4294967295 4294967295 4294967295 4294967295 4294967295 4294967295 4294967295 4294967295 4294967295 4294967295 4294967295 4294967295 4294967295 4294967295 4294967295 4294967295 4294967295 4294967295 4294967295 4294967295 4294967295 4294967295 4294967295 4294967295 4294967295 4294967295 4294967295 4294967295 4294967295 4294967295 4294967295 4294967295 4294967295 
4294967295 4294967295 4294967295 4294967295 4294967295 4294967295 4294967295 4294967295 4294967295 4294967295 4294967295 4294967295 4294967295 4294967295 4294967295 4294967295 4294967295 4294967295 4294967295 4294967295 4294967295 4294967295 4294967295 4294967295 4294967295 4294967295 4294967295 4294967295 4294967295 4294967295 4294967295 4294967295 4294967295 4294967295 4294967295 4294967295 4294967295 4294967295 4294967295 4294967295 4294967295 4294967295 4294967295 4294967295 4294967295 4294967295 4294967295 4294967295 4294967295 4294967295 4294967295 4294967295 4294967295 4294967295 4294967295 4294967295 4294967295 4294967295 4294967295 4294967295 4294967295 4294967295 4294967295 4294967295 4294967295 4294967295 4294967295 4294967295 4294967295 4294967295 4294967295 4294967295 4294967295 4294967295 4294967295 4294967295 4294967295 4294967295 4294967295 4294967295 4294967295 4294967295 4294967295 4294967295 4294967295 4294967295 4294967295 4294967295 4294967295 4294967295 4294967295 4294967295 4294967295 4294967295 4294967295 4294967295 4294967295 4294967295 4294967295 4294967295 4294967295 4294967295 4294967295 
4294967295 4294967295 4294967295 4294967295 4294967295 4294967295 4294967295 4294967295 4294967295 4294967295 4294967295 4294967295 4294967295 4294967295 4294967295 4294967295 4294967295 4294967295 4294967295 4294967295 4294967295 4294967295 4294967295 4294967295 4294967295 4294967295 4294967295 4294967295 4294967295 4294967295 4294967295 4294967295 4294967295 4294967295 4294967295 4294967295 4294967295 4294967295 4294967295 4294967295 4294967295 4294967295 4294967295 4294967295 4294967295 4294967295 4294967295 4294967295 4294967295 4294967295 4294967295 4294967295 4294967295 4294967295 4294967295 4294967295 4294967295 4294967295 4294967295 4294967295 4294967295 4294967295 4294967295 4294967295 4294967295 4294967295 4294967295 4294967295 4294967295 4294967295 4294967295 4294967295 4294967295 4294967295 4294967295 4294967295 4294967295 4294967295 4294967295 4294967295 4294967295 4294967295 4294967295 4294967295 4294967295 4294967295 4294967295 4294967295 4294967295 4294967295 4294967295 4294967295 4294967295 4294967295 4294967295 4294967295 4294967295 4294967295 4294967295 4294967295 4294967295 4294967295 4294967295 
4294967295 4294967295 4294967295 4294967295 4294967295 4294967295 4294967295 4294967295 4294967295 4294967295 4294967295 4294967295 4294967295 4294967295 4294967295 4294967295 4294967295 4294967295 4294967295 4294967295 4294967295 4294967295 4294967295 4294967295 4294967295 4294967295 4294967295 4294967295 4294967295 4294967295 4294967295 4294967295 4294967295 4294967295 4294967295 4294967295 4294967295 4294967295 4294967295 4294967295 4294967295 4294967295 4294967295 4294967295 4294967295 4294967295 4294967295 4294967295 4294967295 4294967295 4294967295 4294967295 4294967295 4294967295 4294967295 4294967295 4294967295 4294967295 4294967295 4294967295 4294967295 4294967295 4294967295 4294967295 4294967295 4294967295 4294967295 4294967295 4294967295 4294967295 4294967295 4294967295 4294967295 4294967295 4294967295 4294967295 4294967295 4294967295 4294967295 4294967295 4294967295 4294967295 4294967295 4294967295 4294967295 4294967295 4294967295 4294967295 4294967295 4294967295 4294967295 4294967295 4294967295 4294967295 4294967295 4294967295 4294967295 4294967295 4294967295 4294967295 4294967295 4294967295 4294967295 
4294967295 4294967295 4294967295 4294967295 4294967295 4294967295 4294967295 4294967295 4294967295 4294967295 4294967295 4294967295 4294967295 4294967295 4294967295 4294967295 4294967295 4294967295 4294967295 4294967295 4294967295 4294967295 4294967295 4294967295 4294967295 4294967295 4294967295 4294967295 4294967295 4294967295 4294967295 4294967295 4294967295 4294967295 4294967295 4294967295 4294967295 4294967295 4294967295 4294967295 4294967295 4294967295 4294967295 4294967295 4294967295 4294967295 4294967295 4294967295 4294967295 4294967295 4294967295 4294967295 4294967295 4294967295 4294967295 4294967295 4294967295 4294967295 4294967295 4294967295 4294967295 4294967295 4294967295 4294967295 4294967295 4294967295 4294967295 4294967295 4294967295 4294967295 4294967295 4294967295 4294967295 4294967295 4294967295 4294967295 4294967295 4294967295 4294967295 4294967295 4294967295 4294967295 4294967295 4294967295 4294967295 4294967295 4294967295 4294967295 4294967295 4294967295 4294967295 4294967295 4294967295 4294967295 4294967295 4294967295 4294967295 4294967295 4294967295 4294967295 4294967295 4294967295 4294967295 
4294967295 4294967295 4294967295 4294967295 4294967295 4294967295 4294967295 4294967295 4294967295 4294967295 4294967295 4294967295 4294967295 4294967295 4294967295 4294967295 4294967295 4294967295 4294967295 4294967295 4294967295 4294967295 4294967295 4294967295 4294967295 4294967295 4294967295 4294967295 4294967295 4294967295 4294967295 4294967295 4294967295 4294967295 4294967295 4294967295 4294967295 4294967295 4294967295 4294967295 4294967295 4294967295 4294967295 4294967295 4294967295 4294967295 4294967295 4294967295 4294967295 4294967295 4294967295 4294967295 4294967295 4294967295 4294967295 4294967295 4294967295 4294967295 4294967295 4294967295 4294967295 4294967295 4294967295 4294967295 4294967295 4294967295 4294967295 4294967295 4294967295 4294967295 4294967295 4294967295 4294967295 4294967295 4294967295 4294967295 4294967295 4294967295 4294967295 4294967295 4294967295 4294967295 4294967295 4294967295 4294967295 4294967295 4294967295 4294967295 4294967295 4294967295 4294967295 4294967295 4294967295 4294967295 4294967295 4294967295 4294967295 4294967295 4294967295 4294967295 4294967295 4294967295 4294967295 
4294967295 4294967295 4294967295 4294967295 4294967295 4294967295 4294967295 4294967295 4294967295 4294967295 4294967295 4294967295 4294967295 4294967295 4294967295 4294967295 4294967295 4294967295 4294967295 4294967295 4294967295 4294967295 4294967295 4294967295 4294967295 4294967295 4294967295 4294967295 4294967295 4294967295 4294967295 4294967295 4294967295 4294967295 4294967295 4294967295 4294967295 4294967295 4294967295 4294967295 4294967295 4294967295 4294967295 4294967295 4294967295 4294967295 4294967295 4294967295 4294967295 4294967295 4294967295 4294967295 4294967295 4294967295 4294967295 4294967295 4294967295 4294967295 4294967295 4294967295 4294967295 4294967295 4294967295 4294967295 4294967295 4294967295 4294967295 4294967295 4294967295 4294967295 4294967295 4294967295 4294967295 4294967295 4294967295 4294967295 4294967295 4294967295 4294967295 4294967295 4294967295 4294967295 4294967295 4294967295 4294967295 4294967295 4294967295 4294967295 4294967295 4294967295 4294967295 4294967295 4294967295 4294967295 4294967295 4294967295 4294967295 4294967295 4294967295 4294967295 4294967295 4294967295 4294967295 
4294967295 4294967295 4294967295 4294967295 4294967295 4294967295 4294967295 4294967295 4294967295 4294967295 4294967295 4294967295 4294967295 4294967295 4294967295 4294967295 4294967295 4294967295 4294967295 4294967295 4294967295 4294967295 4294967295 4294967295 4294967295 4294967295 4294967295 4294967295 4294967295 4294967295 4294967295 4294967295 4294967295 4294967295 4294967295 4294967295 4294967295 4294967295 4294967295 4294967295 4294967295 4294967295 4294967295 4294967295 4294967295 4294967295 4294967295 4294967295 4294967295 4294967295 4294967295 4294967295 4294967295 4294967295 4294967295 4294967295 4294967295 4294967295 4294967295 4294967295 4294967295 4294967295 4294967295 4294967295 4294967295 4294967295 4294967295 4294967295 4294967295 4294967295 4294967295 4294967295 4294967295 4294967295 4294967295 4294967295 4294967295 4294967295 4294967295 4294967295 4294967295 4294967295 4294967295 4294967295 4294967295 4294967295 4294967295 4294967295 4294967295 4294967295 4294967295 4294967295 4294967295 4294967295 4294967295 4294967295 4294967295 4294967295 4294967295 4294967295 4294967295 4294967295 4294967295 
4294967295 4294967295 4294967295 4294967295 4294967295 4294967295 4294967295 4294967295 4294967295 4294967295 4294967295 4294967295 4294967295 4294967295 4294967295 4294967295 4294967295 4294967295 4294967295 4294967295 4294967295 4294967295 4294967295 4294967295 4294967295 4294967295 4294967295 4294967295 4294967295 4294967295 4294967295 4294967295 4294967295 4294967295 4294967295 4294967295 4294967295 4294967295 4294967295 4294967295 4294967295 4294967295 4294967295 4294967295 4294967295 4294967295 4294967295 4294967295 4294967295 4294967295 4294967295 4294967295 4294967295 4294967295 4294967295 4294967295 4294967295 4294967295 4294967295 4294967295 4294967295 4294967295 4294967295 4294967295 4294967295 4294967295 4294967295 4294967295 4294967295 4294967295 4294967295 4294967295 4294967295 4294967295 4294967295 4294967295 4294967295 4294967295 4294967295 4294967295 4294967295 4294967295 4294967295 4294967295 4294967295 4294967295 4294967295 4294967295 4294967295 4294967295 4294967295 4294967295 4294967295 4294967295 4294967295 4294967295 4294967295 4294967295 4294967295 4294967295 4294967295 4294967295 4294967295 
4294967295 4294967295 4294967295 4294967295 4294967295 4294967295 4294967295 4294967295 4294967295 4294967295 4294967295 4294967295 4294967295 4294967295 4294967295 4294967295 4294967295 4294967295 4294967295 4294967295 4294967295 4294967295 4294967295 4294967295 4294967295 4294967295 4294967295 4294967295 4294967295 4294967295 4294967295 4294967295 4294967295 4294967295 4294967295 4294967295 4294967295 4294967295 4294967295 4294967295 4294967295 4294967295 4294967295 4294967295 4294967295 4294967295 4294967295 4294967295 4294967295 4294967295 4294967295 4294967295 4294967295 4294967295 4294967295 4294967295 4294967295 4294967295 4294967295 4294967295 4294967295 4294967295 4294967295 4294967295 4294967295 4294967295 4294967295 4294967295 4294967295 4294967295 4294967295 4294967295 4294967295 4294967295 4294967295 4294967295 4294967295 4294967295 4294967295 4294967295 4294967295 4294967295 4294967295 4294967295 4294967295 4294967295 4294967295 4294967295 4294967295 4294967295 4294967295 4294967295 4294967295 4294967295 4294967295 4294967295 4294967295 4294967295 4294967295 4294967295 4294967295 4294967295 4294967295 
4294967295 4294967295 4294967295 4294967295 4294967295 4294967295 4294967295 4294967295 4294967295 4294967295 4294967295 4294967295 4294967295 4294967295 4294967295 4294967295 4294967295 4294967295 4294967295 4294967295 4294967295 4294967295 4294967295 4294967295 4294967295 4294967295 4294967295 4294967295 4294967295 4294967295 4294967295 4294967295 4294967295 4294967295 4294967295 4294967295 4294967295 4294967295 4294967295 4294967295 4294967295 4294967295 4294967295 4294967295 4294967295 4294967295 4294967295 4294967295 4294967295 4294967295 4294967295 4294967295 4294967295 4294967295 4294967295 4294967295 4294967295 4294967295 4294967295 4294967295 4294967295 4294967295 4294967295 4294967295 4294967295 4294967295 4294967295 4294967295 4294967295 4294967295 4294967295 4294967295 4294967295 4294967295 4294967295 4294967295 4294967295 4294967295 4294967295 4294967295 4294967295 4294967295 4294967295 4294967295 4294967295 4294967295 4294967295 4294967295 4294967295 4294967295 4294967295 4294967295 4294967295 4294967295 4294967295 4294967295 4294967295 4294967295 4294967295 4294967295 4294967295 4294967295 4294967295 
4294967295 4294967295 4294967295 4294967295 4294967295 4294967295 4294967295 4294967295 4294967295 4294967295 4294967295 4294967295 4294967295 4294967295 4294967295 4294967295 4294967295 4294967295 4294967295 4294967295 4294967295 4294967295 4294967295 4294967295 4294967295 4294967295 4294967295 4294967295 4294967295 4294967295 4294967295 4294967295 4294967295 4294967295 4294967295 4294967295 4294967295 4294967295 4294967295 4294967295 4294967295 4294967295 4294967295 4294967295 4294967295 4294967295 4294967295 4294967295 4294967295 4294967295 4294967295 4294967295 4294967295 4294967295 4294967295 4294967295 4294967295 4294967295 4294967295 4294967295 4294967295 4294967295 4294967295 4294967295 4294967295 4294967295 4294967295 4294967295 4294967295 4294967295 4294967295 4294967295 4294967295 4294967295 4294967295 4294967295 4294967295 4294967295 4294967295 4294967295 4294967295 4294967295 4294967295 4294967295 4294967295 4294967295 4294967295 4294967295 4294967295 4294967295 4294967295 4294967295 4294967295 4294967295 4294967295 4294967295 4294967295 4294967295 4294967295 4294967295 4294967295 4294967295 4294967295 
4294967295 4294967295 4294967295 4294967295 4294967295 4294967295 4294967295 4294967295 4294967295 4294967295 4294967295 4294967295 4294967295 4294967295 4294967295 4294967295 4294967295 4294967295 4294967295 4294967295 4294967295 4294967295 4294967295 4294967295 4294967295 4294967295 4294967295 4294967295 4294967295 4294967295 4294967295 4294967295 4294967295 4294967295 4294967295 4294967295 4294967295 4294967295 4294967295 4294967295 4294967295 4294967295 4294967295 4294967295 4294967295 4294967295 4294967295 4294967295 4294967295 4294967295 4294967295 4294967295 4294967295 4294967295 4294967295 4294967295 4294967295 4294967295 4294967295 4294967295 4294967295 4294967295 4294967295 4294967295 4294967295 4294967295 4294967295 4294967295 4294967295 4294967295 4294967295 4294967295 4294967295 4294967295 4294967295 4294967295 4294967295 4294967295 4294967295 4294967295 4294967295 4294967295 4294967295 4294967295 4294967295 4294967295 4294967295 4294967295 4294967295 4294967295 4294967295 4294967295 4294967295 4294967295 4294967295 4294967295 4294967295 4294967295 4294967295 4294967295 4294967295 4294967295 4294967295 
4294967295 4294967295 4294967295 4294967295 4294967295 4294967295 4294967295 4294967295 4294967295 4294967295 4294967295 4294967295 4294967295 4294967295 4294967295 4294967295 4294967295 4294967295 4294967295 4294967295 4294967295 4294967295 4294967295 4294967295 4294967295 4294967295 4294967295 4294967295 4294967295 4294967295 4294967295 4294967295 4294967295 4294967295 4294967295 4294967295 4294967295 4294967295 4294967295 4294967295 4294967295 4294967295 4294967295 4294967295 4294967295 4294967295 4294967295 4294967295 4294967295 4294967295 4294967295 4294967295 4294967295 4294967295 4294967295 4294967295 4294967295 4294967295 4294967295 4294967295 4294967295 4294967295 4294967295 4294967295 4294967295 4294967295 4294967295 4294967295 4294967295 4294967295 4294967295 4294967295 4294967295 4294967295 4294967295 4294967295 4294967295 4294967295 4294967295 4294967295 4294967295 4294967295 4294967295 4294967295 4294967295 4294967295 4294967295 4294967295 4294967295 4294967295 4294967295 4294967295 4294967295 4294967295 4294967295 4294967295 4294967295 4294967295 4294967295 4294967295 4294967295 4294967295 4294967295 
4294967295 4294967295 4294967295 4294967295 4294967295 4294967295 4294967295 4294967295 4294967295 4294967295 4294967295 4294967295 4294967295 4294967295 4294967295 4294967295 4294967295 4294967295 4294967295 4294967295 4294967295 4294967295 4294967295 4294967295 4294967295 4294967295 4294967295 4294967295 4294967295 4294967295 4294967295 4294967295 4294967295 4294967295 4294967295 4294967295 4294967295 4294967295 4294967295 4294967295 4294967295 4294967295 4294967295 4294967295 4294967295 4294967295 4294967295 4294967295 4294967295 4294967295 4294967295 4294967295 4294967295 4294967295 4294967295 4294967295 4294967295 4294967295 4294967295 4294967295 4294967295 4294967295 4294967295 4294967295 4294967295 4294967295 4294967295 4294967295 4294967295 4294967295 4294967295 4294967295 4294967295 4294967295 4294967295 4294967295 4294967295 4294967295 4294967295 4294967295 4294967295 4294967295 4294967295 4294967295 4294967295 4294967295 4294967295 4294967295 4294967295 4294967295 4294967295 4294967295 4294967295 4294967295 4294967295 4294967295 4294967295 4294967295 4294967295 4294967295 4294967295 4294967295 4294967295 
4294967295 4294967295 4294967295 4294967295 4294967295 4294967295 4294967295 4294967295 4294967295 4294967295 4294967295 4294967295 4294967295 4294967295 4294967295 4294967295 4294967295 4294967295 4294967295 4294967295 4294967295 4294967295 4294967295 4294967295 4294967295 4294967295 4294967295 4294967295 4294967295 4294967295 4294967295 4294967295 4294967295 4294967295 4294967295 4294967295 4294967295 4294967295 4294967295 4294967295 4294967295 4294967295 4294967295 4294967295 4294967295 4294967295 4294967295 4294967295 4294967295 4294967295 4294967295 4294967295 4294967295 4294967295 4294967295 4294967295 4294967295 4294967295 4294967295 4294967295 4294967295 4294967295 4294967295 4294967295 4294967295 4294967295 4294967295 4294967295 4294967295 4294967295 4294967295 4294967295 4294967295 4294967295 4294967295 4294967295 4294967295 4294967295 4294967295 4294967295 4294967295 4294967295 4294967295 4294967295 4294967295 4294967295 4294967295 4294967295 4294967295 4294967295 4294967295 4294967295 4294967295 4294967295 4294967295 4294967295 4294967295 4294967295 4294967295 4294967295 4294967295 4294967295 4294967295 
4294967295 4294967295 4294967295 4294967295 4294967295 4294967295 4294967295 4294967295 4294967295 4294967295 4294967295 4294967295 4294967295 4294967295 4294967295 4294967295 4294967295 4294967295 4294967295 4294967295 4294967295 4294967295 4294967295 4294967295 4294967295 4294967295 4294967295 4294967295 4294967295 4294967295 4294967295 4294967295 4294967295 4294967295 4294967295 4294967295 4294967295 4294967295 4294967295 4294967295 4294967295 4294967295 4294967295 4294967295 4294967295 4294967295 4294967295 4294967295 4294967295 4294967295 4294967295 4294967295 4294967295 4294967295 4294967295 4294967295 4294967295 4294967295 4294967295 4294967295 4294967295 4294967295 4294967295 4294967295 4294967295 4294967295 4294967295 4294967295 4294967295 4294967295 4294967295 4294967295 4294967295 4294967295 4294967295 4294967295 4294967295 4294967295 4294967295 4294967295 4294967295 4294967295 4294967295 4294967295 4294967295 4294967295 4294967295 4294967295 4294967295 4294967295 4294967295 4294967295 4294967295 4294967295 4294967295 4294967295 4294967295 4294967295 4294967295 4294967295 4294967295 4294967295 4294967295 
4294967295 4294967295 4294967295 4294967295 4294967295 4294967295 4294967295 4294967295 4294967295 4294967295 4294967295 4294967295 4294967295 4294967295 4294967295 4294967295 4294967295 4294967295 4294967295 4294967295 4294967295 4294967295 4294967295 4294967295 4294967295 4294967295 4294967295 4294967295 4294967295 4294967295 4294967295 4294967295 4294967295 4294967295 4294967295 4294967295 4294967295 4294967295 4294967295 4294967295 4294967295 4294967295 4294967295 4294967295 4294967295 4294967295 4294967295 4294967295 4294967295 4294967295 4294967295 4294967295 4294967295 4294967295 4294967295 4294967295 4294967295 4294967295 4294967295 4294967295 4294967295 4294967295 4294967295 4294967295 4294967295 4294967295 4294967295 4294967295 4294967295 4294967295 4294967295 4294967295 4294967295 4294967295 4294967295 4294967295 4294967295 4294967295 4294967295 4294967295 4294967295 4294967295 4294967295 4294967295 4294967295 4294967295 4294967295 4294967295 4294967295 4294967295 4294967295 4294967295 4294967295 4294967295 4294967295 4294967295 4294967295 4294967295 4294967295 4294967295 4294967295 4294967295 4294967295 
4294967295 4294967295 4294967295 4294967295 4294967295 4294967295 4294967295 4294967295 4294967295 4294967295 4294967295 4294967295 4294967295 4294967295 4294967295 4294967295 4294967295 4294967295 4294967295 4294967295 4294967295 4294967295 4294967295 4294967295 4294967295 4294967295 4294967295 4294967295 4294967295 4294967295 4294967295 4294967295 4294967295 4294967295 4294967295 4294967295 4294967295 4294967295 4294967295 4294967295 4294967295 4294967295 4294967295 4294967295 4294967295 4294967295 4294967295 4294967295 4294967295 4294967295 4294967295 4294967295 4294967295 4294967295 4294967295 4294967295 4294967295 4294967295 4294967295 4294967295 4294967295 4294967295 4294967295 4294967295 4294967295 4294967295 4294967295 4294967295 4294967295 4294967295 4294967295 4294967295 4294967295 4294967295 4294967295 4294967295 4294967295 4294967295 4294967295 4294967295 4294967295 4294967295 4294967295 4294967295 4294967295 4294967295 4294967295 4294967295 4294967295 4294967295 4294967295 4294967295 4294967295 4294967295 4294967295 4294967295 4294967295 4294967295 4294967295 4294967295 4294967295 4294967295 4294967295 
4294967295 4294967295 4294967295 4294967295 4294967295 4294967295 4294967295 4294967295 4294967295 4294967295 4294967295 4294967295 4294967295 4294967295 4294967295 4294967295 4294967295 4294967295 4294967295 4294967295 4294967295 4294967295 4294967295 4294967295 4294967295 4294967295 4294967295 4294967295 4294967295 4294967295 4294967295 4294967295 4294967295 4294967295 4294967295 4294967295 4294967295 4294967295 4294967295 4294967295 4294967295 4294967295 4294967295 4294967295 4294967295 4294967295 4294967295 4294967295 4294967295 4294967295 4294967295 4294967295 4294967295 4294967295 4294967295 4294967295 4294967295 4294967295 4294967295 4294967295 4294967295 4294967295 4294967295 4294967295 4294967295 4294967295 4294967295 4294967295 4294967295 4294967295 4294967295 4294967295 4294967295 4294967295 4294967295 4294967295 4294967295 4294967295 4294967295 4294967295 4294967295 4294967295 4294967295 4294967295 4294967295 4294967295 4294967295 4294967295 4294967295 4294967295 4294967295 4294967295 4294967295 4294967295 4294967295 4294967295 4294967295 4294967295 4294967295 4294967295 4294967295 4294967295 4294967295 
4294967295 4294967295 4294967295 4294967295 4294967295 4294967295 4294967295 4294967295 4294967295 4294967295 4294967295 4294967295 4294967295 4294967295 4294967295 4294967295 4294967295 4294967295 4294967295 4294967295 4294967295 4294967295 4294967295 4294967295 4294967295 4294967295 4294967295 4294967295 4294967295 4294967295 4294967295 4294967295 4294967295 4294967295 4294967295 4294967295 4294967295 4294967295 4294967295 4294967295 4294967295 4294967295 4294967295 4294967295 4294967295 4294967295 4294967295 4294967295 4294967295 4294967295 4294967295 4294967295 4294967295 4294967295 4294967295 4294967295 4294967295 4294967295 4294967295 4294967295 4294967295 4294967295 4294967295 4294967295 4294967295 4294967295 4294967295 4294967295 4294967295 4294967295 4294967295 4294967295 4294967295 4294967295 4294967295 4294967295 4294967295 4294967295 4294967295 4294967295 4294967295 4294967295 4294967295 4294967295 4294967295 4294967295 4294967295 4294967295 4294967295 4294967295 4294967295 4294967295 4294967295 4294967295 4294967295 4294967295 4294967295 4294967295 4294967295 4294967295 4294967295 4294967295 4294967295 
4294967295 4294967295 4294967295 4294967295 4294967295 4294967295 4294967295 4294967295 4294967295 4294967295 4294967295 4294967295 4294967295 4294967295 4294967295 4294967295 4294967295 4294967295 4294967295 4294967295 4294967295 4294967295 4294967295 4294967295 4294967295 4294967295 4294967295 4294967295 4294967295 4294967295 4294967295 4294967295 4294967295 4294967295 4294967295 4294967295 4294967295 4294967295 4294967295 4294967295 4294967295 4294967295 4294967295 4294967295 4294967295 4294967295 4294967295 4294967295 4294967295 4294967295 4294967295 4294967295 4294967295 4294967295 4294967295 4294967295 4294967295 4294967295 4294967295 4294967295 4294967295 4294967295 4294967295 4294967295 4294967295 4294967295 4294967295 4294967295 4294967295 4294967295 4294967295 4294967295 4294967295 4294967295 4294967295 4294967295 4294967295 4294967295 4294967295 4294967295 4294967295 4294967295 4294967295 4294967295 4294967295 4294967295 4294967295 4294967295 4294967295 4294967295 4294967295 4294967295 4294967295 4294967295 4294967295 4294967295 4294967295 4294967295 4294967295 4294967295 4294967295 4294967295 4294967295 
4294967295 4294967295 4294967295 4294967295 4294967295 4294967295 4294967295 4294967295 4294967295 4294967295 4294967295 4294967295 4294967295 4294967295 4294967295 4294967295 4294967295 4294967295 4294967295 4294967295 4294967295 4294967295 4294967295 4294967295 4294967295 4294967295 4294967295 4294967295 4294967295 4294967295 4294967295 4294967295 4294967295 4294967295 4294967295 4294967295 4294967295 4294967295 4294967295 4294967295 4294967295 4294967295 4294967295 4294967295 4294967295 4294967295 4294967295 4294967295 4294967295 4294967295 4294967295 4294967295 4294967295 4294967295 4294967295 4294967295 4294967295 4294967295 4294967295 4294967295 4294967295 4294967295 4294967295 4294967295 4294967295 4294967295 4294967295 4294967295 4294967295 4294967295 4294967295 4294967295 4294967295 4294967295 4294967295 4294967295 4294967295 4294967295 4294967295 4294967295 4294967295 4294967295 4294967295 4294967295 4294967295 4294967295 4294967295 4294967295 4294967295 4294967295 4294967295 4294967295 4294967295 4294967295 4294967295 4294967295 4294967295 4294967295 4294967295 4294967295 4294967295 4294967295 4294967295 
4294967295 4294967295 4294967295 4294967295 4294967295 4294967295 4294967295 4294967295 4294967295 4294967295 4294967295 4294967295 4294967295 4294967295 4294967295 4294967295 4294967295 4294967295 4294967295 4294967295 4294967295 4294967295 4294967295 4294967295 4294967295 4294967295 4294967295 4294967295 4294967295 4294967295 4294967295 4294967295 4294967295 4294967295 4294967295 4294967295 4294967295 4294967295 4294967295 4294967295 4294967295 4294967295 4294967295 4294967295 4294967295 4294967295 4294967295 4294967295 4294967295 4294967295 4294967295 4294967295 4294967295 4294967295 4294967295 4294967295 4294967295 4294967295 4294967295 4294967295 4294967295 4294967295 4294967295 4294967295 4294967295 4294967295 4294967295 4294967295 4294967295 4294967295 4294967295 4294967295 4294967295 4294967295 4294967295 4294967295 4294967295 4294967295 4294967295 4294967295 4294967295 4294967295 4294967295 4294967295 4294967295 4294967295 4294967295 4294967295 4294967295 4294967295 4294967295 4294967295 4294967295 4294967295 4294967295 4294967295 4294967295 4294967295 4294967295 4294967295 4294967295 4294967295 4294967295 
4294967295 4294967295 4294967295 4294967295 4294967295 4294967295 4294967295 4294967295 4294967295 4294967295 4294967295 4294967295 4294967295 4294967295 4294967295 4294967295 4294967295 4294967295 4294967295 4294967295 4294967295 4294967295 4294967295 4294967295 4294967295 4294967295 4294967295 4294967295 4294967295 4294967295 4294967295 4294967295 4294967295 4294967295 4294967295 4294967295 4294967295 4294967295 4294967295 4294967295 4294967295 4294967295 4294967295 4294967295 4294967295 4294967295 4294967295 4294967295 4294967295 4294967295 4294967295 4294967295 4294967295 4294967295 4294967295 4294967295 4294967295 4294967295 4294967295 4294967295 4294967295 4294967295 4294967295 4294967295 4294967295 4294967295 4294967295 4294967295 4294967295 4294967295 4294967295 4294967295 4294967295 4294967295 4294967295 4294967295 4294967295 4294967295 4294967295 4294967295 4294967295 4294967295 4294967295 4294967295 4294967295 4294967295 4294967295 4294967295 4294967295 4294967295 4294967295 4294967295 4294967295 4294967295 4294967295 4294967295 4294967295 4294967295 4294967295 4294967295 4294967295 4294967295 4294967295 
4294967295 4294967295 4294967295 4294967295 4294967295 4294967295 4294967295 4294967295 4294967295 4294967295 4294967295 4294967295 4294967295 4294967295 4294967295 4294967295 4294967295 4294967295 4294967295 4294967295 4294967295 4294967295 4294967295 4294967295 4294967295 4294967295 4294967295 4294967295 4294967295 4294967295 4294967295 4294967295 4294967295 4294967295 4294967295 4294967295 4294967295 4294967295 4294967295 4294967295 4294967295 4294967295 4294967295 4294967295 4294967295 4294967295 4294967295 4294967295 4294967295 4294967295 4294967295 4294967295 4294967295 4294967295 4294967295 4294967295 4294967295 4294967295 4294967295 4294967295 4294967295 4294967295 4294967295 4294967295 4294967295 4294967295 4294967295 4294967295 4294967295 4294967295 4294967295 4294967295 4294967295 4294967295 4294967295 4294967295 4294967295 4294967295 4294967295 4294967295 4294967295 4294967295 4294967295 4294967295 4294967295 4294967295 4294967295 4294967295 4294967295 4294967295 4294967295 4294967295 4294967295 4294967295 4294967295 4294967295 4294967295 4294967295 4294967295 4294967295 4294967295 4294967295 4294967295 
4294967295 4294967295 4294967295 4294967295 4294967295 4294967295 4294967295 4294967295 4294967295 4294967295 4294967295 4294967295 4294967295 4294967295 4294967295 4294967295 4294967295 4294967295 4294967295 4294967295 4294967295 4294967295 4294967295 4294967295 4294967295 4294967295 4294967295 4294967295 4294967295 4294967295 4294967295 4294967295 4294967295 4294967295 4294967295 4294967295 4294967295 4294967295 4294967295 4294967295 4294967295 4294967295 4294967295 4294967295 4294967295 4294967295 4294967295 4294967295 4294967295 4294967295 4294967295 4294967295 4294967295 4294967295 4294967295 4294967295 4294967295 4294967295 4294967295 4294967295 4294967295 4294967295 4294967295 4294967295 4294967295 4294967295 4294967295 4294967295 4294967295 4294967295 4294967295 4294967295 4294967295 4294967295 4294967295 4294967295 4294967295 4294967295 4294967295 4294967295 4294967295 4294967295 4294967295 4294967295 4294967295 4294967295 4294967295 4294967295 4294967295 4294967295 4294967295 4294967295 4294967295 4294967295 4294967295 4294967295 4294967295 4294967295 4294967295 4294967295 4294967295 4294967295 4294967295 
4294967295 4294967295 4294967295 4294967295 4294967295 4294967295 4294967295 4294967295 4294967295 4294967295 4294967295 4294967295 4294967295 4294967295 4294967295 4294967295 4294967295 4294967295 4294967295 4294967295 4294967295 4294967295 4294967295 4294967295 4294967295 4294967295 4294967295 4294967295 4294967295 4294967295 4294967295 4294967295 4294967295 4294967295 4294967295 4294967295 4294967295 4294967295 4294967295 4294967295 4294967295 4294967295 4294967295 4294967295 4294967295 4294967295 4294967295 4294967295 4294967295 4294967295 4294967295 4294967295 4294967295 4294967295 4294967295 4294967295 4294967295 4294967295 4294967295 4294967295 4294967295 4294967295 4294967295 4294967295 4294967295 4294967295 4294967295 4294967295 4294967295 4294967295 4294967295 4294967295 4294967295 4294967295 4294967295 4294967295 4294967295 4294967295 4294967295 4294967295 4294967295 4294967295 4294967295 4294967295 4294967295 4294967295 4294967295 4294967295 4294967295 4294967295 4294967295 4294967295 4294967295 4294967295 4294967295 4294967295 4294967295 4294967295 4294967295 4294967295 4294967295 4294967295 4294967295 
4294967295 4294967295 4294967295 4294967295 4294967295 4294967295 4294967295 4294967295 4294967295 4294967295 4294967295 4294967295 4294967295 4294967295 4294967295 4294967295 4294967295 4294967295 4294967295 4294967295 4294967295 4294967295 4294967295 4294967295 4294967295 4294967295 4294967295 4294967295 4294967295 4294967295 4294967295 4294967295 4294967295 4294967295 4294967295 4294967295 4294967295 4294967295 4294967295 4294967295 4294967295 4294967295 4294967295 4294967295 4294967295 4294967295 4294967295 4294967295 4294967295 4294967295 4294967295 4294967295 4294967295 4294967295 4294967295 4294967295 4294967295 4294967295 4294967295 4294967295 4294967295 4294967295 4294967295 4294967295 4294967295 4294967295 4294967295 4294967295 4294967295 4294967295 4294967295 4294967295 4294967295 4294967295 4294967295 4294967295 4294967295 4294967295 4294967295 4294967295 4294967295 4294967295 4294967295 4294967295 4294967295 4294967295 4294967295 4294967295 4294967295 4294967295 4294967295 4294967295 4294967295 4294967295 4294967295 4294967295 4294967295 4294967295 4294967295 4294967295 4294967295 4294967295 4294967295 
