49 125
16 16 16 16 16 16 16 16 16 16 16 16 16 16 16 16 16 16 16 16 16 16 16 16 16 16 0 0 0 0 16 16 16 16 16 16 16 16 16 16 16 16 16 16 16 16 16 16 16 16 16 16 16 16 16 16 16 16 16 16 16 16 16 16 16 16 16 16 16 16 16 16 16 16 16 16 16 16 16 16 16 16 16 16 16 16 16 16 16 16 16 16 16 16 16 16 16 16 16 16 0 0 0 0 16 16 16 16 16 16 16 16 16 16 16 16 16 16 16 16 16 16 16 16 16 
16 16 16 16 16 16 16 16 16 16 16 16 16 16 16 16 16 16 16 16 16 16 16 16 16 16 0 0 0 0 0 16 16 16 16 16 16 16 16 16 16 16 16 16 16 16 16 16 16 16 16 0 0 0 0 0 0 0 0 0 0 0 0 0 0 0 0 0 0 0 0 0 0 0 0 0 16 16 16 16 16 16 16 16 16 16 16 16 16 16 16 16 16 16 16 16 16 16 16 0 0 0 0 0 0 16 16 16 16 16 16 16 16 16 16 16 16 16 16 16 16 16 16 16 16 
16 16 16 16 16 16 16 16 16 16 16 16 16 16 16 16 16 16 16 16 16 16 16 16 16 16 16 16 0 0 0 0 0 0 16 16 16 16 16 16 16 16 0 0 0 0 0 0 0 0 0 0 0 0 0 0 0 0 0 0 0 0 0 0 0 0 0 0 0 0 0 0 0 0 0 8 0 0 0 0 0 0 0 0 16 16 16 16 16 16 16 16 16 16 16 16 16 0 0 0 0 0 0 16 16 16 16 16 16 16 16 16 16 16 16 16 16 16 16 16 16 16 16 16 16 
16 16 16 16 16 16 16 16 16 16 16 16 16 16 16 16 16 16 16 16 16 16 16 16 16 16 16 16 16 16 0 0 0 0 0 16 16 16 0 0 0 0 8 8 8 0 0 8 0 0 8 8 0 0 0 0 0 0 0 0 0 0 0 0 0 0 0 0 0 0 0 0 0 0 0 0 8 8 0 0 8 8 8 8 0 0 0 0 16 16 16 16 16 16 16 0 0 0 0 0 0 0 16 16 16 16 16 16 16 16 16 16 16 16 16 16 16 16 16 16 16 16 16 16 16 
16 16 16 16 16 16 16 16 16 16 16 16 16 16 16 16 16 16 16 16 16 16 16 16 16 16 16 16 16 16 16 0 0 0 0 0 0 0 8 8 0 0 0 0 0 0 0 0 8 8 0 8 8 0 0 0 0 0 0 0 0 0 0 0 0 0 0 0 0 0 0 0 0 0 0 0 0 0 8 8 0 8 8 8 8 8 8 8 0 0 0 16 16 16 0 0 0 0 0 0 16 16 16 16 16 16 16 16 16 16 16 16 16 16 16 16 16 16 16 16 16 16 16 16 16 
16 16 16 16 16 16 16 16 16 16 16 16 16 16 16 16 16 16 16 16 16 16 16 16 16 16 16 16 16 16 16 16 0 0 0 0 0 0 0 8 0 0 0 0 0 0 8 8 8 8 8 0 0 8 0 0 0 0 8 8 8 8 8 8 8 8 8 8 8 8 8 8 8 8 8 0 0 0 0 0 8 0 0 8 8 8 8 0 8 8 8 0 0 0 0 0 0 0 16 16 16 16 16 16 16 16 16 16 16 16 16 16 16 16 16 16 16 16 16 16 16 16 16 16 16 
16 16 16 16 16 16 16 16 16 16 16 16 16 16 16 16 16 16 16 16 16 16 16 16 16 16 16 16 16 16 0 0 8 0 0 0 0 0 0 0 0 0 0 0 0 0 0 0 0 0 8 8 8 0 8 0 0 0 0 0 0 0 0 0 0 0 0 0 0 0 0 0 0 0 0 0 0 0 0 0 0 8 8 0 8 8 8 0 0 0 8 8 8 8 0 0 0 16 16 16 16 16 16 16 16 16 16 16 16 16 16 16 16 16 16 16 16 16 16 16 16 16 16 16 16 
16 16 16 16 16 16 16 16 16 16 16 16 16 16 16 16 16 16 16 16 16 16 16 16 16 16 16 16 0 0 8 8 8 8 8 0 0 0 0 0 0 0 0 0 0 0 0 8 8 8 8 8 8 8 0 8 0 0 0 0 0 0 0 0 0 0 0 0 0 0 0 0 0 0 0 0 0 0 0 0 0 0 0 8 0 8 8 0 0 0 0 0 8 8 8 8 0 0 16 16 16 16 16 16 16 16 16 16 16 16 16 16 16 16 16 16 16 16 16 16 16 16 16 16 16 
16 16 16 16 16 16 16 16 16 16 16 16 16 16 16 16 16 16 16 16 16 16 16 16 16 16 0 0 8 0 0 0 0 0 0 0 0 0 0 0 0 0 0 0 0 0 0 0 0 0 0 0 0 8 8 0 8 0 0 0 0 0 0 0 0 0 0 0 0 0 0 0 0 0 0 0 0 0 0 0 0 0 0 0 8 0 8 8 8 8 8 8 8 8 8 8 8 8 0 0 16 16 16 16 16 16 16 16 16 16 16 16 16 16 16 16 16 16 16 16 16 16 16 16 16 
16 16 16 16 16 16 16 16 16 16 0 0 0 0 0 16 16 16 16 16 16 16 16 16 0 0 8 8 8 0 0 0 0 0 0 0 0 0 0 0 0 0 0 0 0 0 0 0 0 0 0 0 8 8 8 0 8 0 0 0 0 0 0 0 0 0 0 0 0 0 0 0 0 0 0 0 0 0 0 0 0 0 0 0 8 0 8 8 8 8 0 0 8 8 8 8 8 8 8 8 0 0 16 16 16 16 16 16 16 16 16 16 16 16 16 16 16 16 0 0 0 0 0 16 16 
16 16 16 16 16 16 16 16 16 16 16 0 0 0 0 0 0 0 16 16 16 16 16 0 8 8 8 8 8 8 8 8 8 8 8 8 8 8 8 8 8 8 8 8 0 0 0 0 0 0 0 0 0 0 8 8 0 8 0 0 0 0 0 0 8 8 8 8 8 8 8 8 8 8 8 8 8 8 8 8 8 8 0 0 0 8 0 8 8 8 8 0 0 0 0 0 0 0 0 8 8 8 0 16 16 16 16 16 16 16 16 16 16 16 16 0 0 0 0 0 0 0 0 16 16 
16 16 16 16 16 16 16 16 16 16 16 16 0 0 0 0 0 0 0 0 0 0 0 8 8 8 8 8 8 8 8 8 8 8 8 8 8 8 8 8 8 8 8 0 0 0 0 0 0 0 0 0 8 8 8 8 8 0 8 0 0 0 0 0 0 0 0 0 0 0 0 0 0 0 0 0 0 0 0 0 0 0 0 0 0 0 8 0 8 8 8 8 0 0 0 8 8 8 8 8 8 8 8 0 0 16 16 16 16 16 16 16 16 16 0 0 0 0 0 0 16 16 16 16 16 
16 16 16 16 16 16 16 16 16 16 16 16 16 16 0 0 0 0 0 0 0 0 0 8 8 8 8 8 8 8 8 8 8 8 8 8 8 8 8 8 0 0 0 0 8 8 8 8 8 8 8 8 8 8 8 8 8 0 8 0 0 0 0 0 0 0 0 0 0 0 0 0 0 0 0 0 0 0 0 0 0 0 0 0 0 0 8 0 8 8 8 8 8 8 8 8 8 8 8 8 8 8 8 8 8 0 16 16 16 16 16 0 0 0 0 0 0 0 0 16 16 16 16 16 16 
16 16 16 16 16 16 16 16 16 16 16 16 16 16 16 16 16 0 0 0 0 0 0 0 0 0 8 8 8 0 0 0 0 0 0 0 0 0 0 0 0 8 8 8 8 8 8 8 8 8 8 8 8 8 8 8 8 8 0 8 0 0 0 0 0 0 0 0 0 0 0 0 0 0 0 0 0 0 0 0 0 0 0 0 0 0 0 8 0 8 8 8 8 8 0 0 0 0 0 0 0 0 8 8 8 8 0 16 0 0 0 0 0 0 0 0 0 16 16 16 16 16 16 16 16 
16 16 16 16 16 16 16 16 16 16 16 16 16 16 16 16 16 16 0 0 0 0 0 0 0 0 0 0 8 8 0 0 0 0 0 0 0 0 0 0 0 0 0 0 0 0 0 0 0 0 0 0 0 0 0 0 8 8 8 0 8 0 0 0 0 0 0 0 0 0 0 0 0 0 0 0 0 0 0 0 0 0 0 0 0 0 0 0 8 0 8 8 8 0 0 5 5 5 5 5 5 0 0 0 8 8 8 0 0 0 0 0 0 0 16 16 16 16 16 16 16 16 16 16 16 
16 16 16 16 16 16 16 16 16 16 16 16 16 16 16 16 16 0 8 8 8 8 0 0 0 0 0 0 0 0 0 0 0 0 0 0 0 0 0 0 0 0 0 0 0 0 0 0 0 0 0 0 0 0 0 0 0 0 8 0 8 0 0 0 0 0 0 0 0 0 0 0 0 0 0 0 0 0 0 0 0 0 0 0 0 0 0 0 8 0 8 8 0 0 5 13 13 13 13 13 13 5 5 0 0 0 8 8 0 0 0 16 16 16 16 16 16 16 16 16 16 16 16 16 16 
16 16 16 16 16 16 16 16 16 16 16 16 16 16 16 16 0 8 8 8 8 8 8 8 8 0 0 0 8 8 8 8 8 8 8 8 8 8 8 8 8 8 0 0 5 0 0 0 8 8 8 8 8 8 8 8 8 8 8 0 8 0 0 0 0 0 0 0 8 8 8 8 8 8 8 8 8 8 8 8 8 8 8 8 8 8 8 0 8 0 8 8 0 5 5 13 13 12 12 12 12 13 13 5 0 0 8 8 8 0 16 16 16 16 16 16 16 16 16 16 16 16 16 16 16 
16 16 16 16 16 16 16 16 16 16 16 16 16 16 16 16 0 8 8 8 8 8 8 8 8 8 8 8 8 8 8 8 8 8 8 8 8 8 8 8 8 0 0 5 5 5 5 0 0 0 8 8 8 8 8 8 8 8 8 8 0 8 0 0 0 0 0 0 0 0 0 0 0 0 0 0 0 0 0 0 0 0 0 0 0 0 0 0 0 8 0 8 0 5 5 5 5 13 13 13 5 5 5 0 0 8 8 8 8 0 16 16 16 16 16 16 16 16 16 16 16 16 16 16 16 
16 16 16 16 16 16 16 16 16 16 16 16 16 16 16 0 8 0 0 0 0 0 0 0 0 0 0 0 0 0 0 8 8 8 8 8 8 8 8 8 0 0 5 5 13 13 13 5 5 0 0 0 8 8 8 8 8 8 8 8 0 8 0 0 0 0 0 0 0 0 0 0 0 0 0 0 0 0 0 0 0 0 0 0 0 0 0 0 0 8 0 8 8 5 5 0 0 5 5 5 5 5 0 0 8 8 8 8 8 8 0 16 16 16 16 16 16 16 16 16 16 16 16 16 16 
16 16 16 16 16 16 16 16 16 16 16 16 16 16 0 8 0 0 8 8 8 8 0 0 0 0 0 0 0 0 0 8 8 8 8 8 8 8 8 0 0 5 5 13 13 13 13 13 13 5 5 0 0 0 8 8 8 8 8 8 0 8 0 0 0 0 0 0 0 0 0 0 0 0 0 0 0 0 0 0 0 0 0 0 0 0 0 0 0 8 0 8 8 5 8 8 0 0 0 0 5 8 8 8 8 8 8 8 8 8 8 0 16 16 16 16 16 16 16 16 16 16 16 16 16 
16 16 16 16 16 16 16 16 16 16 16 16 16 16 0 8 8 8 8 8 8 8 0 0 0 0 0 0 0 0 0 8 8 8 8 8 8 8 0 0 5 5 13 13 13 13 13 13 13 13 13 5 5 0 0 8 8 8 8 8 8 0 8 0 0 0 0 0 0 0 0 0 0 0 0 0 0 0 0 0 0 0 0 0 0 0 0 0 0 0 8 0 8 8 8 8 8 8 0 0 5 8 8 8 8 8 8 8 8 8 8 0 16 16 16 16 16 16 16 16 16 16 16 16 16 
16 16 16 16 16 16 16 16 16 16 16 16 16 16 0 8 8 8 8 8 8 8 8 8 8 8 0 0 0 0 0 0 0 8 8 8 8 0 0 5 5 13 13 13 13 12 12 12 13 13 13 13 13 5 0 8 8 8 8 8 8 0 8 0 0 0 0 0 0 0 0 0 0 0 0 0 0 0 0 0 0 0 0 0 0 0 0 0 0 0 8 0 8 8 8 8 8 8 8 8 8 8 8 8 8 8 8 8 8 8 8 0 16 16 16 16 16 16 16 16 16 16 16 16 16 
16 16 16 16 16 16 16 16 16 16 16 16 16 0 8 8 8 8 8 8 8 8 8 8 8 8 8 8 8 8 8 8 8 8 8 8 8 0 5 5 13 13 13 12 12 12 12 12 12 13 13 13 13 5 0 8 8 8 8 8 8 0 8 0 0 0 0 0 0 0 0 0 0 0 0 0 0 0 0 0 0 0 0 0 0 0 0 0 0 0 8 0 8 8 8 8 8 8 8 5 8 8 8 0 0 0 0 0 0 8 8 8 0 16 16 16 16 16 16 16 16 16 16 16 16 
0 0 0 0 0 0 0 0 0 0 0 0 0 0 0 0 0 0 0 0 0 8 8 8 8 8 8 8 8 8 8 8 8 8 8 8 0 0 5 13 13 13 13 12 12 12 12 12 13 13 13 13 5 0 0 8 8 8 8 8 8 0 8 0 0 0 0 0 0 0 8 8 8 8 8 8 8 8 8 8 8 8 8 8 8 8 8 8 8 0 8 0 8 8 8 8 8 8 5 5 8 8 0 0 0 0 0 0 0 8 8 8 0 0 0 0 0 0 0 0 0 0 0 0 0 
0 0 0 0 0 0 0 0 0 0 0 0 0 0 0 0 0 0 0 0 0 8 8 8 8 8 8 8 8 8 8 8 8 8 8 8 0 5 5 13 13 13 12 12 12 12 12 12 13 13 5 5 5 0 8 8 8 8 8 8 8 0 8 0 0 0 0 0 0 0 0 0 0 0 0 0 0 0 0 0 0 0 0 0 0 0 0 0 0 0 8 0 8 8 8 8 8 8 5 8 8 8 8 8 8 8 0 0 0 0 0 8 0 0 0 0 0 0 0 0 0 0 0 0 0 
16 16 16 16 16 16 16 16 16 16 16 16 16 0 8 8 8 8 8 8 8 8 8 0 0 0 0 0 0 0 0 0 0 0 0 8 0 0 5 13 13 12 12 12 12 12 12 13 13 5 0 5 5 8 8 8 8 8 8 8 8 0 8 0 0 0 0 0 0 0 0 0 0 0 0 0 0 0 0 0 0 0 0 0 0 0 0 0 0 0 8 0 8 8 8 5 8 8 8 8 8 8 8 8 8 8 8 8 8 8 8 8 0 16 16 16 16 16 16 16 16 16 16 16 16 
16 16 16 16 16 16 16 16 16 16 16 16 16 0 8 8 8 8 8 8 8 0 0 0 0 0 0 0 0 0 0 0 0 0 0 0 8 0 5 13 13 12 12 12 12 12 13 13 5 0 0 8 5 8 8 8 8 8 8 8 8 0 8 0 0 0 0 0 0 0 0 0 0 0 0 0 0 0 0 0 0 0 0 0 0 0 0 0 0 0 8 0 8 8 5 5 8 8 8 8 8 8 8 8 8 8 8 0 8 8 8 8 0 16 16 16 16 16 16 16 16 16 16 16 16 
16 16 16 16 16 16 16 16 16 16 16 16 16 0 8 8 8 8 8 8 8 8 8 8 8 0 0 0 0 0 8 8 8 8 8 8 8 0 5 13 13 13 12 12 13 13 13 13 5 0 8 8 5 8 8 8 8 8 8 8 8 0 8 0 0 0 0 0 0 0 0 0 0 0 0 0 0 0 0 0 0 0 0 0 0 0 0 0 0 0 8 0 8 8 5 5 8 8 8 8 8 8 0 0 0 0 0 0 8 8 8 8 0 16 16 16 16 16 16 16 16 16 16 16 16 
16 16 16 16 16 16 16 16 16 16 16 16 16 16 0 8 8 8 8 8 8 8 8 8 8 8 8 8 8 8 8 8 8 8 8 8 8 0 0 5 13 13 13 13 13 13 13 13 5 0 8 8 8 8 8 8 8 8 8 8 8 0 8 0 0 0 0 0 0 0 0 0 0 0 0 0 0 0 0 0 0 0 0 0 0 0 0 0 0 0 8 0 8 8 5 5 0 0 0 0 0 0 0 0 0 8 8 8 8 8 8 0 16 16 16 16 16 16 16 16 16 16 16 16 16 
16 16 16 16 16 16 16 16 16 16 16 16 16 16 0 8 8 8 8 8 8 8 8 8 8 8 8 8 8 8 8 8 8 8 8 8 8 8 0 5 13 13 13 13 13 13 5 5 0 0 8 8 8 8 8 8 8 8 8 8 8 0 8 0 0 0 0 0 8 8 8 8 8 8 8 8 8 8 8 8 8 8 8 8 8 8 0 0 0 0 8 0 8 8 8 8 0 0 0 0 0 0 0 8 8 8 8 8 8 8 8 0 16 16 16 16 16 16 16 16 16 16 16 16 16 
16 16 16 16 16 16 16 16 16 16 16 16 16 16 0 0 8 0 0 0 0 0 0 0 0 0 8 8 8 8 8 8 8 8 8 8 8 8 0 5 13 13 5 5 5 5 0 0 0 8 8 8 8 8 8 8 0 0 8 8 0 8 0 0 0 0 0 0 0 0 0 0 0 0 0 0 0 0 0 0 0 0 0 0 0 0 0 0 0 8 0 8 8 8 8 8 8 8 8 8 8 8 8 8 8 8 8 8 8 8 8 0 16 16 16 16 16 16 16 16 16 16 16 16 16 
16 16 16 16 16 16 16 16 16 16 16 16 16 16 16 0 8 0 8 8 8 0 0 0 0 0 8 8 8 8 8 8 8 8 8 8 8 5 5 5 5 5 0 0 0 5 5 8 8 8 8 8 8 8 0 0 0 8 8 8 0 8 0 0 0 0 0 0 0 0 0 0 0 0 0 0 0 0 0 0 0 0 0 0 0 0 0 0 0 8 0 8 8 8 8 8 8 8 8 8 8 8 8 8 8 8 8 8 8 8 0 16 16 16 16 16 16 16 16 16 16 16 16 16 16 
16 16 16 16 16 16 16 16 16 16 16 16 16 16 16 16 0 8 8 8 8 8 8 8 8 8 8 8 8 8 8 8 8 8 8 8 8 5 5 0 0 0 0 8 8 5 5 8 8 8 8 8 8 8 8 8 8 8 8 8 0 8 0 0 0 0 0 0 0 0 0 0 0 0 0 0 0 0 0 0 0 0 0 0 0 0 0 0 0 8 0 8 8 8 8 8 0 0 0 0 0 8 8 8 0 0 0 0 0 8 0 0 16 16 16 16 16 16 16 16 16 16 16 16 16 
16 16 16 16 16 16 16 16 16 16 16 16 16 16 16 16 0 8 8 8 8 8 8 8 8 8 8 8 8 8 8 8 8 8 8 8 8 8 5 0 0 8 8 8 8 8 5 8 8 8 8 8 8 8 8 8 8 8 8 0 8 0 0 0 0 0 0 0 0 0 0 0 0 0 0 0 0 0 0 0 0 0 0 0 0 0 0 0 8 0 8 8 8 8 8 0 0 5 5 5 0 0 0 8 8 8 8 8 8 0 0 0 0 0 0 0 16 16 16 16 16 16 16 16 16 
16 16 16 16 16 16 16 16 16 16 16 16 16 16 16 16 16 0 8 8 8 8 0 0 8 8 8 8 8 8 8 8 8 8 8 8 8 8 8 8 8 8 8 8 8 8 8 8 8 0 0 0 0 0 0 0 0 8 8 0 8 0 0 0 0 0 0 0 0 0 0 0 0 0 0 0 0 0 0 0 0 0 0 0 0 0 0 0 8 0 8 8 8 8 8 0 5 13 12 12 13 5 0 8 8 8 8 8 0 16 16 16 0 0 0 0 0 0 0 0 16 16 16 16 16 
16 16 16 16 16 16 16 16 16 16 16 16 16 16 16 16 16 16 0 8 8 0 0 0 0 8 8 8 0 0 0 0 0 0 0 8 8 8 8 8 8 8 8 8 8 8 8 8 0 0 0 8 8 8 8 8 8 8 8 0 8 0 0 0 8 8 8 8 8 8 8 8 8 8 8 8 8 8 8 8 8 8 8 0 0 0 0 0 8 0 8 8 8 8 0 0 5 13 12 13 5 0 0 8 8 8 8 0 16 16 16 16 16 16 16 0 0 0 0 0 0 0 16 16 16 
16 16 16 16 16 16 16 16 16 16 16 16 16 16 16 16 16 0 0 0 0 0 0 0 8 8 8 8 8 8 0 0 0 0 0 8 8 8 8 8 5 5 5 8 8 8 8 8 8 8 8 8 8 8 8 8 8 8 0 8 0 0 0 0 0 0 0 0 0 0 0 0 0 0 0 0 0 0 0 0 0 0 0 0 0 0 0 8 0 8 8 8 8 0 0 5 13 12 13 5 0 0 8 8 8 8 0 16 16 16 16 16 16 16 16 16 16 16 16 0 0 0 16 16 16 
16 16 16 16 16 16 16 16 16 16 16 16 16 16 0 0 0 0 0 0 0 0 8 8 8 8 8 8 8 8 0 0 0 0 8 8 8 8 8 5 5 8 8 8 8 8 8 8 8 8 8 8 8 8 8 8 8 0 8 0 0 0 0 0 0 0 0 0 0 0 0 0 0 0 0 0 0 0 0 0 0 0 0 0 0 0 8 0 8 8 8 8 8 0 5 13 5 5 5 0 0 8 8 8 8 0 16 16 16 16 16 16 16 16 16 16 16 16 16 16 16 16 16 16 16 
16 16 16 16 16 16 16 16 16 16 16 0 0 0 0 0 0 0 0 16 16 0 0 8 8 8 8 8 8 8 8 8 8 8 8 8 8 8 8 8 8 8 8 8 8 0 0 0 0 0 0 0 8 8 8 8 8 0 8 0 0 0 0 0 0 0 0 0 0 0 0 0 0 0 0 0 0 0 0 0 0 0 0 0 0 0 8 0 8 8 8 8 0 0 5 5 0 0 0 0 8 8 8 8 0 16 16 16 16 16 16 16 16 16 16 16 16 16 16 16 16 16 16 16 16 
16 16 16 16 16 16 16 16 16 0 0 0 0 0 0 0 16 16 16 16 16 16 16 0 8 8 8 8 8 8 8 8 8 8 8 8 8 8 8 0 8 8 8 8 8 8 8 0 0 0 0 0 8 8 8 8 0 8 0 0 0 0 0 0 0 0 0 0 0 0 0 0 0 0 0 0 0 0 0 0 0 0 0 0 0 8 0 8 8 8 8 0 0 0 5 5 8 8 8 8 8 8 8 0 16 16 16 16 16 16 16 16 16 16 16 16 16 16 16 16 16 16 16 16 16 
16 16 16 16 16 16 16 16 16 16 0 0 0 16 16 16 16 16 16 16 16 16 16 16 0 0 8 8 8 8 8 8 8 8 8 8 8 8 0 0 0 8 8 8 8 8 0 0 0 0 8 8 8 8 8 0 8 0 0 0 0 0 0 0 0 0 0 0 0 0 0 0 0 0 0 0 0 0 0 0 0 0 0 0 8 0 8 8 8 8 8 8 8 8 5 8 8 8 8 8 0 0 0 0 0 0 0 16 16 16 16 16 16 16 16 16 16 16 16 16 16 16 16 16 16 
16 16 16 16 16 16 16 16 16 16 16 16 16 16 16 16 16 16 16 16 16 16 16 16 16 16 0 0 8 8 8 8 8 8 8 8 0 0 0 0 0 8 8 8 8 8 8 8 8 8 8 8 8 8 8 0 8 0 0 8 8 8 8 8 8 8 8 8 8 8 8 8 8 8 8 8 8 8 0 0 0 0 0 0 8 0 8 8 8 8 5 5 8 8 8 8 8 8 0 0 16 16 16 16 0 0 0 0 0 0 16 16 16 16 16 16 16 16 16 16 16 16 16 16 16 
16 16 16 16 16 16 16 16 16 16 16 16 16 16 16 16 16 16 16 16 16 16 16 16 16 16 16 16 0 0 8 8 8 8 8 0 0 0 0 0 8 8 8 8 8 8 8 8 8 8 8 8 8 8 0 8 0 0 0 0 0 0 0 0 0 0 0 0 0 0 0 0 0 0 0 0 0 0 0 0 0 0 0 8 0 8 8 8 8 5 5 8 8 8 8 8 0 0 16 16 16 16 16 16 16 16 0 0 0 0 0 0 16 16 16 16 16 16 16 16 16 16 16 16 16 
16 16 16 16 16 16 16 16 16 16 16 16 16 16 16 16 16 16 16 16 16 16 16 16 16 16 16 16 16 16 0 0 8 8 0 0 0 0 0 8 8 8 8 8 0 0 0 0 8 8 8 8 8 0 8 0 0 0 0 0 0 0 0 0 0 0 0 0 0 0 0 0 0 0 0 0 0 0 0 0 0 8 8 0 8 8 8 8 8 5 8 8 8 8 0 0 16 16 16 16 16 16 16 16 16 16 16 16 16 0 0 0 0 16 16 16 16 16 16 16 16 16 16 16 16 
16 16 16 16 16 16 16 16 16 16 16 16 16 16 16 16 16 16 16 16 16 16 16 16 16 16 16 16 16 16 16 16 0 0 0 0 0 8 8 8 8 8 8 0 0 0 0 8 8 8 8 0 0 8 0 0 0 0 0 0 0 0 0 0 0 0 0 0 0 0 0 0 0 0 0 0 0 0 0 0 8 0 0 8 8 8 8 8 8 8 8 0 0 0 16 16 16 16 16 16 16 16 16 16 16 16 16 16 16 16 16 16 16 16 16 16 16 16 16 16 16 16 16 16 16 
16 16 16 16 16 16 16 16 16 16 16 16 16 16 16 16 16 16 16 16 16 16 16 16 16 16 16 16 16 16 16 16 0 0 0 0 0 0 8 8 8 8 0 0 8 8 8 8 8 8 0 8 8 0 0 0 8 8 8 8 8 8 8 8 8 8 8 8 8 8 8 8 8 0 0 0 0 0 8 8 0 8 8 8 8 8 8 8 0 0 0 16 16 16 16 16 16 16 16 16 16 16 16 16 16 16 16 16 16 16 16 16 16 16 16 16 16 16 16 16 16 16 16 16 16 
16 16 16 16 16 16 16 16 16 16 16 16 16 16 16 16 16 16 16 16 16 16 16 16 16 16 16 16 16 16 16 16 16 0 0 16 16 16 0 0 0 0 8 8 8 8 8 8 0 0 8 0 0 0 0 0 0 0 0 0 0 0 0 0 0 0 0 0 0 0 0 0 0 0 0 0 8 8 0 0 8 8 8 8 0 0 0 0 16 16 16 16 16 16 16 16 16 16 16 16 16 16 16 16 16 16 16 16 16 16 16 16 16 16 16 16 16 16 16 16 16 16 16 16 16 
16 16 16 16 16 16 16 16 16 16 16 16 16 16 16 16 16 16 16 16 16 16 16 16 16 16 16 16 16 16 16 16 16 16 16 16 16 16 16 16 16 16 0 0 0 0 0 0 8 8 8 0 0 0 0 0 0 0 0 0 0 0 0 0 0 0 0 0 0 0 0 0 0 0 0 8 0 0 8 8 0 0 0 0 16 16 16 16 16 16 16 16 16 16 16 16 16 16 16 16 16 16 16 16 16 16 16 16 16 16 16 16 16 16 16 16 16 16 16 16 16 16 16 16 16 
16 16 16 16 16 16 16 16 16 16 16 16 16 16 16 16 16 16 16 16 16 16 16 16 16 16 16 16 16 16 16 16 16 16 16 16 16 16 16 16 16 16 16 16 16 0 0 0 0 0 0 0 0 0 0 0 0 0 0 0 0 0 0 0 0 0 0 0 0 0 0 0 0 0 0 0 0 0 0 0 16 16 16 16 16 16 16 16 16 16 16 16 16 16 16 16 16 16 16 16 16 16 16 16 16 16 16 16 16 16 16 16 16 16 16 16 16 16 16 16 16 16 16 16 16 
