15 50
16 16 16 16 16 16 16 16 16 16 16 16 16 16 16 16 16 16 16 16 16 16 16 16 16 16 16 16 16 16 16 16 16 16 16 16 16 16 16 16 16 16 16 16 16 16 16 16 16 16 
16 11 11 11 11 11 11 11 11 11 11 11 11 11 11 11 11 11 11 11 11 11 11 11 11 11 11 11 11 11 11 11 11 11 11 11 11 11 11 11 11 11 11 11 11 11 11 11 11 16 
16 11 11 11 11 11 11 11 11 11 11 11 11 11 11 11 11 11 11 11 11 11 11 11 11 11 11 11 11 11 11 11 11 11 11 11 11 11 11 11 11 11 11 11 11 11 11 11 11 16 
16 11 11 11 11 11 11 11 16 16 16 16 16 16 16 16 11 11 11 16 16 11 11 11 11 16 16 11 11 11 16 16 11 11 16 16 16 16 16 16 16 16 11 11 11 11 11 11 11 16 
16 11 11 11 11 11 11 11 16 16 16 16 16 16 16 16 11 11 11 16 16 11 11 11 11 16 16 11 11 11 16 16 11 11 16 16 16 16 16 16 16 16 11 11 11 11 11 11 11 16 
16 11 11 11 11 11 11 11 16 16 11 11 11 11 11 11 11 11 11 16 16 16 11 11 16 16 16 11 11 11 16 16 11 11 11 11 11 16 16 11 11 11 11 11 11 11 11 11 11 16 
16 11 11 11 11 11 11 11 16 16 16 16 16 16 16 16 11 11 11 11 16 16 16 16 16 16 11 11 11 11 16 16 11 11 11 11 11 16 16 11 11 11 11 11 11 11 11 11 11 16 
16 11 11 11 11 11 11 11 16 16 16 16 16 16 16 16 11 11 11 11 11 16 16 16 16 11 11 11 11 11 16 16 11 11 11 11 11 16 16 11 11 11 11 11 11 11 11 11 11 16 
16 11 11 11 11 11 11 11 16 16 11 11 11 11 11 11 11 11 11 11 16 16 16 16 16 16 11 11 11 11 16 16 11 11 11 11 11 16 16 11 11 11 11 11 11 11 11 11 11 16 
16 11 11 11 11 11 11 11 16 16 11 11 11 11 11 11 11 11 11 16 16 16 11 11 16 16 16 11 11 11 16 16 11 11 11 11 11 16 16 11 11 11 11 11 11 11 11 11 11 16 
16 11 11 11 11 11 11 11 16 16 16 16 16 16 16 16 11 11 11 16 16 11 11 11 11 16 16 11 11 11 16 16 11 11 11 11 11 16 16 11 11 11 11 11 11 11 11 11 11 16 
16 11 11 11 11 11 11 11 16 16 16 16 16 16 16 16 11 11 11 16 16 11 11 11 11 16 16 11 11 11 16 16 11 11 11 11 11 16 16 11 11 11 11 11 11 11 11 11 11 16 
16 11 11 11 11 11 11 11 11 11 11 11 11 11 11 11 11 11 11 11 11 11 11 11 11 11 11 11 11 11 11 11 11 11 11 11 11 11 11 11 11 11 11 11 11 11 11 11 11 16 
16 11 11 11 11 11 11 11 11 11 11 11 11 11 11 11 11 11 11 11 11 11 11 11 11 11 11 11 11 11 11 11 11 11 11 11 11 11 11 11 11 11 11 11 11 11 11 11 11 16 
16 16 16 16 16 16 16 16 16 16 16 16 16 16 16 16 16 16 16 16 16 16 16 16 16 16 16 16 16 16 16 16 16 16 16 16 16 16 16 16 16 16 16 16 16 16 16 16 16 16 
