17 120
8 8 8 8 8 8 8 8 8 8 8 8 8 8 8 8 8 8 8 8 8 8 8 8 8 8 8 8 8 8 8 8 8 8 8 8 8 8 8 8 8 8 8 8 8 8 8 8 8 8 8 8 8 8 8 8 8 8 8 8 8 8 8 8 8 8 8 8 8 8 8 8 8 8 8 8 8 8 8 8 8 8 8 8 8 8 8 8 8 8 8 8 8 8 8 8 8 8 8 8 8 8 8 8 8 8 8 8 8 8 8 8 8 8 8 8 8 8 8 8 
8 8 7 7 7 7 7 7 7 7 7 7 7 7 7 7 7 7 7 7 7 7 7 7 7 7 7 7 7 7 7 7 7 7 7 7 7 7 7 7 7 7 7 7 7 7 7 7 7 7 7 7 7 7 7 7 7 7 7 7 7 7 7 7 7 7 7 7 7 7 7 7 7 7 7 7 7 7 7 7 7 7 7 7 7 7 7 7 7 7 7 7 7 7 7 7 7 7 7 7 7 7 7 7 7 7 7 7 7 7 7 7 7 7 7 7 7 7 8 8 
8 8 7 7 15 15 15 15 15 15 15 15 15 15 15 15 15 15 15 15 15 15 15 15 15 15 15 15 15 15 15 15 15 15 15 15 15 15 15 15 15 15 15 15 15 15 15 15 15 15 15 15 15 15 15 15 15 15 15 15 15 15 15 15 15 15 15 15 15 15 15 15 15 15 15 15 15 15 15 15 15 15 15 15 15 15 15 15 15 15 15 15 15 15 15 15 15 15 15 15 15 15 15 15 15 15 15 15 15 15 15 15 15 15 15 15 7 7 8 8 
8 8 7 7 15 15 15 15 15 15 15 15 15 15 15 15 15 15 15 15 15 15 15 15 15 15 15 15 15 15 15 15 15 15 15 15 15 15 15 15 15 15 15 15 15 15 15 15 15 15 15 15 15 15 15 15 15 15 15 15 15 15 15 15 15 15 15 15 15 15 15 15 15 15 15 15 15 15 15 15 15 15 15 15 15 15 15 15 15 15 15 15 15 15 15 15 15 15 15 15 15 15 15 15 15 15 15 15 15 15 15 15 15 15 15 15 7 7 8 8 
8 8 7 7 15 15 15 15 15 15 15 15 15 15 15 15 15 15 15 15 15 15 15 15 15 15 15 15 15 15 15 15 15 15 15 15 15 15 15 15 15 15 15 15 15 15 15 15 15 15 15 15 15 15 15 15 15 15 15 15 15 15 15 15 15 15 15 15 15 15 15 15 15 15 15 15 15 15 15 15 15 15 15 15 15 15 15 15 15 15 15 15 15 15 15 15 15 15 15 15 15 15 15 15 15 15 15 15 15 15 15 15 15 15 15 15 7 7 8 8 
8 8 7 7 15 15 15 15 15 15 15 15 15 15 15 15 15 15 15 15 15 15 15 15 0 0 0 0 0 0 15 15 15 0 0 0 0 0 0 0 0 15 15 0 0 0 0 0 0 0 0 15 15 0 0 0 0 0 0 0 0 15 15 0 0 15 15 0 0 0 15 15 15 15 15 0 0 15 15 0 0 0 0 0 0 0 0 15 15 15 0 0 0 0 0 0 15 15 15 15 15 15 15 15 15 15 15 15 15 15 15 15 15 15 15 15 7 7 8 8 
8 8 7 7 15 15 15 15 15 15 15 15 15 15 15 15 15 15 15 15 15 15 15 0 0 15 15 15 15 15 15 15 15 0 0 15 15 15 15 15 15 15 15 15 15 15 0 0 15 15 15 15 15 15 15 15 0 0 15 15 15 15 15 0 0 15 15 0 0 0 0 15 15 15 15 0 0 15 15 0 0 15 15 15 15 15 15 15 15 0 0 15 15 15 15 15 15 15 15 15 15 15 15 15 15 15 15 15 15 15 15 15 15 15 15 15 7 7 8 8 
8 8 7 7 15 15 15 15 15 15 15 15 15 15 15 15 15 15 15 15 15 15 15 0 0 15 15 15 15 15 15 15 15 0 0 15 15 15 15 15 15 15 15 15 15 15 0 0 15 15 15 15 15 15 15 15 0 0 15 15 15 15 15 0 0 15 15 0 0 15 0 0 15 15 15 0 0 15 15 0 0 15 15 15 15 15 15 15 15 0 0 15 15 15 15 15 15 15 15 15 15 15 15 15 15 15 15 15 15 15 15 15 15 15 15 15 7 7 8 8 
8 8 7 7 15 15 15 15 15 15 15 15 15 15 15 15 15 15 15 15 15 15 15 15 0 0 0 0 0 0 15 15 15 0 0 0 0 0 0 0 0 15 15 15 15 15 0 0 15 15 15 15 15 15 15 15 0 0 15 15 15 15 15 0 0 15 15 0 0 15 15 0 0 15 15 0 0 15 15 0 0 15 15 0 0 0 0 15 15 15 0 0 0 0 0 0 15 15 15 15 15 15 15 15 15 15 15 15 15 15 15 15 15 15 15 15 7 7 8 8 
8 8 7 7 15 15 15 15 15 15 15 15 15 15 15 15 15 15 15 15 15 15 15 15 15 15 15 15 15 0 0 15 15 0 0 15 15 15 15 15 15 15 15 15 15 15 0 0 15 15 15 15 15 15 15 15 0 0 15 15 15 15 15 0 0 15 15 0 0 15 15 15 0 0 15 0 0 15 15 0 0 15 15 15 15 0 0 15 15 15 15 15 15 15 15 0 0 15 15 15 15 15 15 15 15 15 15 15 15 15 15 15 15 15 15 15 7 7 8 8 
8 8 7 7 15 15 15 15 15 15 15 15 15 15 15 15 15 15 15 15 15 15 15 15 15 15 15 15 15 0 0 15 15 0 0 15 15 15 15 15 15 15 15 15 15 15 0 0 15 15 15 15 15 15 15 15 0 0 15 15 15 15 15 0 0 15 15 0 0 15 15 15 15 0 0 0 0 15 15 0 0 15 15 15 15 0 0 15 15 15 15 15 15 15 15 0 0 15 15 15 15 15 15 15 15 15 15 15 15 15 15 15 15 15 15 15 7 7 8 8 
8 8 7 7 15 15 15 15 15 15 15 15 15 15 15 15 15 15 15 15 15 15 15 0 0 0 0 0 0 0 15 15 15 0 0 0 0 0 0 0 0 15 15 15 15 15 0 0 15 15 15 15 15 15 15 15 0 0 15 15 15 15 15 0 0 15 15 0 0 15 15 15 15 15 0 0 0 15 15 0 0 0 0 0 0 0 0 15 15 0 0 0 0 0 0 0 15 15 15 15 15 15 15 15 15 15 15 15 15 15 15 15 15 15 15 15 7 7 8 8 
8 8 7 7 15 15 15 15 15 15 15 15 15 15 15 15 15 15 15 15 15 15 15 15 15 15 15 15 15 15 15 15 15 15 15 15 15 15 15 15 15 15 15 15 15 15 15 15 15 15 15 15 15 15 15 15 15 15 15 15 15 15 15 15 15 15 15 15 15 15 15 15 15 15 15 15 15 15 15 15 15 15 15 15 15 15 15 15 15 15 15 15 15 15 15 15 15 15 15 15 15 15 15 15 15 15 15 15 15 15 15 15 15 15 15 15 7 7 8 8 
8 8 7 7 15 15 15 15 15 15 15 15 15 15 15 15 15 15 15 15 15 15 15 15 15 15 15 15 15 15 15 15 15 15 15 15 15 15 15 15 15 15 15 15 15 15 15 15 15 15 15 15 15 15 15 15 15 15 15 15 15 15 15 15 15 15 15 15 15 15 15 15 15 15 15 15 15 15 15 15 15 15 15 15 15 15 15 15 15 15 15 15 15 15 15 15 15 15 15 15 15 15 15 15 15 15 15 15 15 15 15 15 15 15 15 15 7 7 8 8 
8 8 7 7 15 15 15 15 15 15 15 15 15 15 15 15 15 15 15 15 15 15 15 15 15 15 15 15 15 15 15 15 15 15 15 15 15 15 15 15 15 15 15 15 15 15 15 15 15 15 15 15 15 15 15 15 15 15 15 15 15 15 15 15 15 15 15 15 15 15 15 15 15 15 15 15 15 15 15 15 15 15 15 15 15 15 15 15 15 15 15 15 15 15 15 15 15 15 15 15 15 15 15 15 15 15 15 15 15 15 15 15 15 15 15 15 7 7 8 8 
8 8 7 7 7 7 7 7 7 7 7 7 7 7 7 7 7 7 7 7 7 7 7 7 7 7 7 7 7 7 7 7 7 7 7 7 7 7 7 7 7 7 7 7 7 7 7 7 7 7 7 7 7 7 7 7 7 7 7 7 7 7 7 7 7 7 7 7 7 7 7 7 7 7 7 7 7 7 7 7 7 7 7 7 7 7 7 7 7 7 7 7 7 7 7 7 7 7 7 7 7 7 7 7 7 7 7 7 7 7 7 7 7 7 7 7 7 7 8 8 
8 8 8 8 8 8 8 8 8 8 8 8 8 8 8 8 8 8 8 8 8 8 8 8 8 8 8 8 8 8 8 8 8 8 8 8 8 8 8 8 8 8 8 8 8 8 8 8 8 8 8 8 8 8 8 8 8 8 8 8 8 8 8 8 8 8 8 8 8 8 8 8 8 8 8 8 8 8 8 8 8 8 8 8 8 8 8 8 8 8 8 8 8 8 8 8 8 8 8 8 8 8 8 8 8 8 8 8 8 8 8 8 8 8 8 8 8 8 8 8 
