28 60
4 4 4 4 4 4 4 4 4 4 4 4 4 4 4 4 4 4 4 4 4 4 4 4 16 16 16 16 16 16 16 16 16 16 16 16 16 16 16 16 4 4 4 4 4 4 4 4 4 4 4 4 4 4 4 4 16 16 16 16 
4 4 4 4 4 4 4 4 4 4 4 4 4 4 4 4 4 4 4 4 4 4 4 4 16 16 16 16 16 16 16 16 16 16 16 16 16 16 4 4 4 4 4 4 4 4 4 4 4 4 4 4 4 4 4 4 4 4 16 16 
4 4 4 4 4 4 4 4 4 4 4 4 4 4 4 4 4 4 4 4 4 4 4 4 16 16 16 16 16 16 16 16 16 16 16 16 16 16 4 4 4 4 4 4 4 4 4 4 4 4 4 4 4 4 4 4 4 4 4 16 
4 4 4 4 4 4 4 4 4 4 4 4 4 4 4 4 4 4 4 4 4 4 4 4 16 16 16 16 16 16 16 16 16 16 16 16 16 4 4 4 4 4 4 4 4 4 4 4 4 4 4 4 4 4 4 4 4 4 4 16 
4 4 4 4 4 4 16 16 16 16 16 16 16 16 16 16 16 16 16 16 16 16 16 16 16 16 16 16 16 16 16 16 16 16 16 16 16 4 4 4 4 4 4 4 4 16 16 16 16 16 16 4 4 4 4 4 4 4 4 4 
4 4 4 4 4 4 16 16 16 16 16 16 16 16 16 16 16 16 16 16 16 16 16 16 16 16 16 16 16 16 16 16 16 16 16 16 4 4 4 4 4 4 4 4 16 16 16 16 16 16 16 16 4 4 4 4 4 4 4 4 
4 4 4 4 4 4 16 16 16 16 16 16 16 16 16 16 16 16 16 16 16 16 16 16 16 16 16 16 16 16 16 16 16 16 16 16 4 4 4 4 4 4 4 16 16 16 16 16 16 16 16 16 16 4 4 4 4 4 4 4 
4 4 4 4 4 4 16 16 16 16 16 16 16 16 16 16 16 16 16 16 16 16 16 16 16 16 16 16 16 16 16 16 16 16 16 16 4 4 4 4 4 4 4 16 16 16 16 16 16 16 16 16 16 4 4 4 4 4 4 4 
4 4 4 4 4 4 16 16 16 16 16 16 16 16 16 16 16 16 16 16 16 16 16 16 16 16 16 16 16 16 16 16 16 16 16 16 4 4 4 4 4 4 16 16 16 16 16 16 16 16 16 16 16 16 4 4 4 4 4 4 
4 4 4 4 4 4 16 16 16 16 16 16 16 16 16 16 16 16 16 16 16 16 16 16 16 16 16 16 16 16 16 16 16 16 16 16 4 4 4 4 4 4 16 16 16 16 16 16 16 16 16 16 16 16 4 4 4 4 4 4 
4 4 4 4 4 4 16 16 16 16 16 16 16 16 16 16 16 16 16 16 16 16 16 16 16 16 16 16 16 16 16 16 16 16 16 16 4 4 4 4 4 4 16 16 16 16 16 16 16 16 16 16 16 16 4 4 4 4 4 4 
4 4 4 4 4 4 16 16 16 16 16 16 16 16 16 16 16 16 16 16 16 16 16 16 16 16 16 16 16 16 16 16 16 16 16 16 4 4 4 4 4 4 16 16 16 16 16 16 16 16 16 16 16 16 4 4 4 4 4 4 
4 4 4 4 4 4 16 16 16 16 16 16 4 4 4 4 4 4 4 4 4 4 4 4 16 16 16 16 16 16 16 16 16 16 16 16 4 4 4 4 4 4 16 16 16 16 16 16 16 16 16 16 16 16 4 4 4 4 4 4 
4 4 4 4 4 4 16 16 16 16 16 16 4 4 4 4 4 4 4 4 4 4 4 4 16 16 16 16 16 16 16 16 16 16 16 16 4 4 4 4 4 4 16 16 16 16 16 16 16 16 16 16 16 16 4 4 4 4 4 4 
4 4 4 4 4 4 16 16 16 16 16 16 4 4 4 4 4 4 4 4 4 4 4 4 16 16 16 16 16 16 16 16 16 16 16 16 4 4 4 4 4 4 16 16 16 16 16 16 16 16 16 16 16 16 4 4 4 4 4 4 
4 4 4 4 4 4 16 16 16 16 16 16 4 4 4 4 4 4 4 4 4 4 4 4 16 16 16 16 16 16 16 16 16 16 16 16 4 4 4 4 4 4 16 16 16 16 16 16 16 16 16 16 16 16 4 4 4 4 4 4 
4 4 4 4 4 4 16 16 16 16 16 16 16 16 16 16 16 16 4 4 4 4 4 4 16 16 16 16 16 16 16 16 16 16 16 16 4 4 4 4 4 4 16 16 16 16 16 16 16 16 16 16 16 16 4 4 4 4 4 4 
4 4 4 4 4 4 16 16 16 16 16 16 16 16 16 16 16 16 4 4 4 4 4 4 16 16 16 16 16 16 16 16 16 16 16 16 4 4 4 4 4 4 16 16 16 16 16 16 16 16 16 16 16 16 4 4 4 4 4 4 
4 4 4 4 4 4 16 16 16 16 16 16 16 16 16 16 16 16 4 4 4 4 4 4 16 16 16 16 16 16 16 16 16 16 16 16 4 4 4 4 4 4 16 16 16 16 16 16 16 16 16 16 16 16 4 4 4 4 4 4 
4 4 4 4 4 4 16 16 16 16 16 16 16 16 16 16 16 16 4 4 4 4 4 4 16 16 16 16 16 16 16 16 16 16 16 16 4 4 4 4 4 4 16 16 16 16 16 16 16 16 16 16 16 16 4 4 4 4 4 4 
4 4 4 4 4 4 16 16 16 16 16 16 16 16 16 16 16 16 4 4 4 4 4 4 16 16 16 16 16 16 16 16 16 16 16 16 4 4 4 4 4 4 16 16 16 16 16 16 16 16 16 16 16 16 4 4 4 4 4 4 
4 4 4 4 4 4 16 16 16 16 16 16 16 16 16 16 16 16 4 4 4 4 4 4 16 16 16 16 16 16 16 16 16 16 16 16 4 4 4 4 4 4 16 16 16 16 16 16 16 16 16 16 16 16 4 4 4 4 4 4 
4 4 4 4 4 4 16 16 16 16 16 16 16 16 16 16 16 16 4 4 4 4 4 4 16 16 16 16 16 16 16 16 16 16 16 16 4 4 4 4 4 4 4 16 16 16 16 16 16 16 16 16 16 4 4 4 4 4 4 4 
4 4 4 4 4 4 16 16 16 16 16 16 16 16 16 16 16 16 4 4 4 4 4 4 16 16 16 16 16 16 16 16 16 16 16 16 4 4 4 4 4 4 4 4 16 16 16 16 16 16 16 16 4 4 4 4 4 4 4 4 
4 4 4 4 4 4 4 4 4 4 4 4 4 4 4 4 4 4 4 4 4 4 4 4 16 16 16 16 16 16 16 16 16 16 16 16 16 4 4 4 4 4 4 4 4 16 16 16 16 16 16 4 4 4 4 4 4 4 4 16 
4 4 4 4 4 4 4 4 4 4 4 4 4 4 4 4 4 4 4 4 4 4 4 4 16 16 16 16 16 16 16 16 16 16 16 16 16 4 4 4 4 4 4 4 4 4 4 4 4 4 4 4 4 4 4 4 4 4 4 16 
4 4 4 4 4 4 4 4 4 4 4 4 4 4 4 4 4 4 4 4 4 4 4 4 16 16 16 16 16 16 16 16 16 16 16 16 16 16 4 4 4 4 4 4 4 4 4 4 4 4 4 4 4 4 4 4 4 4 16 16 
4 4 4 4 4 4 4 4 4 4 4 4 4 4 4 4 4 4 4 4 4 4 4 4 16 16 16 16 16 16 16 16 16 16 16 16 16 16 16 16 4 4 4 4 4 4 4 4 4 4 4 4 4 4 4 4 16 16 16 16 
