22 75
12 12 12 12 12 12 12 12 12 12 12 12 12 12 12 12 12 12 12 12 12 12 12 12 12 12 12 12 12 12 12 12 12 12 12 12 12 12 12 12 12 12 12 12 12 12 12 12 12 12 12 12 12 12 12 12 12 12 12 12 12 12 12 12 12 12 12 12 12 12 12 12 12 12 12 
12 12 12 12 12 12 12 12 12 12 12 12 12 12 12 12 12 12 12 12 12 12 12 12 12 12 12 12 12 12 12 12 12 12 12 12 12 12 12 12 12 12 12 12 12 12 12 12 12 12 12 12 12 12 12 12 12 12 12 12 12 12 12 12 12 12 12 12 12 12 12 12 12 12 12 
12 12 14 14 14 14 14 14 14 14 14 14 14 14 14 14 14 14 14 14 14 14 14 14 14 14 14 14 14 14 14 14 14 14 14 14 14 14 14 14 14 14 14 14 14 14 14 14 14 14 14 14 14 14 14 14 14 14 14 14 14 14 14 14 14 14 14 14 14 14 14 14 14 12 12 
12 12 14 14 14 14 14 14 14 14 14 14 14 14 14 14 14 14 14 14 14 14 14 14 14 14 14 14 14 14 14 14 14 14 14 14 14 14 14 14 14 14 14 14 14 14 14 14 14 14 14 14 14 14 14 14 14 14 14 14 14 14 14 14 14 14 14 14 14 14 14 14 14 12 12 
12 12 14 14 14 14 14 14 14 14 14 14 14 16 16 16 16 16 16 16 16 14 14 14 14 14 14 14 14 16 16 16 16 16 14 14 14 14 14 14 16 16 16 16 16 16 16 16 16 14 14 14 16 16 16 14 14 14 14 14 16 16 14 14 14 14 14 14 14 14 14 14 14 12 12 
12 12 14 14 14 14 14 14 14 14 14 14 14 16 16 16 16 16 16 16 16 16 14 14 14 14 14 14 14 16 16 16 16 16 14 14 14 14 14 14 16 16 16 16 16 16 16 16 16 14 14 14 16 16 16 14 14 14 14 16 16 16 14 14 14 14 14 14 14 14 14 14 14 12 12 
12 12 14 14 14 14 14 14 14 14 14 14 14 16 16 16 14 14 14 14 16 16 16 14 14 14 14 16 16 16 14 14 16 16 16 14 14 14 14 16 16 16 16 14 14 14 14 14 14 14 14 14 16 16 16 14 14 14 16 16 16 14 14 14 14 14 14 14 14 14 14 14 14 12 12 
12 12 14 14 14 14 14 14 14 14 14 14 14 16 16 16 14 14 14 14 16 16 16 14 14 14 14 16 16 16 14 14 16 16 16 14 14 14 14 16 16 16 16 14 14 14 14 14 14 14 14 14 16 16 16 14 14 16 16 16 14 14 14 14 14 14 14 14 14 14 14 14 14 12 12 
12 12 14 14 14 14 14 14 14 14 14 14 14 16 16 16 14 14 14 14 16 16 16 14 14 14 16 16 16 14 14 14 14 14 16 16 14 14 14 16 16 16 14 14 14 14 14 14 14 14 14 14 16 16 16 14 16 16 16 14 14 14 14 14 14 14 14 14 14 14 14 14 14 12 12 
12 12 14 14 14 14 14 14 14 14 14 14 14 16 16 16 16 16 16 16 16 16 14 14 14 14 16 16 16 14 14 14 14 14 16 16 14 14 14 16 16 16 14 14 14 14 14 14 14 14 14 14 16 16 16 16 16 16 14 14 14 14 14 14 14 14 14 14 14 14 14 14 14 12 12 
12 12 14 14 14 14 14 14 14 14 14 14 14 16 16 16 16 16 16 16 16 14 14 14 14 14 16 16 16 16 16 16 16 16 16 16 14 14 14 16 16 16 14 14 14 14 14 14 14 14 14 14 16 16 16 16 16 14 14 14 14 14 14 14 14 14 14 14 14 14 14 14 14 12 12 
12 12 14 14 14 14 14 14 14 14 14 14 14 16 16 16 14 14 14 14 16 16 14 14 14 14 16 16 16 16 16 16 16 16 16 16 14 14 14 16 16 16 14 14 14 14 14 14 14 14 14 14 16 16 16 16 16 16 14 14 14 14 14 14 14 14 14 14 14 14 14 14 14 12 12 
12 12 14 14 14 14 14 14 14 14 14 14 14 16 16 16 14 14 14 14 16 16 16 14 14 14 16 16 16 14 14 14 14 14 16 16 14 14 14 16 16 16 14 14 14 14 14 14 14 14 14 14 16 16 16 14 16 16 16 14 14 14 14 14 14 14 14 14 14 14 14 14 14 12 12 
12 12 14 14 14 14 14 14 14 14 14 14 14 16 16 16 14 14 14 14 16 16 16 14 14 14 16 16 16 14 14 14 14 14 16 16 14 14 14 16 16 16 16 14 14 14 14 14 14 14 14 14 16 16 16 14 14 16 16 16 14 14 14 14 14 14 14 14 14 14 14 14 14 12 12 
12 12 14 14 14 14 14 14 14 14 14 14 14 16 16 16 14 14 14 14 16 16 16 14 14 14 16 16 16 14 14 14 14 14 16 16 14 14 14 16 16 16 16 14 14 14 14 14 14 14 14 14 16 16 16 14 14 14 16 16 16 14 14 14 14 14 14 14 14 14 14 14 14 12 12 
12 12 14 14 14 14 14 14 14 14 14 14 14 16 16 16 16 16 16 16 16 16 14 14 14 14 16 16 16 14 14 14 14 14 16 16 14 14 14 14 16 16 16 16 16 16 16 16 16 14 14 14 16 16 16 14 14 14 14 16 16 16 14 14 14 14 14 14 14 14 14 14 14 12 12 
12 12 14 14 14 14 14 14 14 14 14 14 14 16 16 16 16 16 16 16 16 14 14 14 14 14 16 16 16 14 14 14 14 14 16 16 14 14 14 14 16 16 16 16 16 16 16 16 16 14 14 14 16 16 16 14 14 14 14 14 16 16 14 14 14 14 14 14 14 14 14 14 14 12 12 
12 12 14 14 14 14 14 14 14 14 14 14 14 14 14 14 14 14 14 14 14 14 14 14 14 14 14 14 14 14 14 14 14 14 14 14 14 14 14 14 14 14 14 14 14 14 14 14 14 14 14 14 14 14 14 14 14 14 14 14 14 14 14 14 14 14 14 14 14 14 14 14 14 12 12 
12 12 14 14 14 14 14 14 14 14 14 14 14 14 14 14 14 14 14 14 14 14 14 14 14 14 14 14 14 14 14 14 14 14 14 14 14 14 14 14 14 14 14 14 14 14 14 14 14 14 14 14 14 14 14 14 14 14 14 14 14 14 14 14 14 14 14 14 14 14 14 14 14 12 12 
12 12 14 14 14 14 14 14 14 14 14 14 14 14 14 14 14 14 14 14 14 14 14 14 14 14 14 14 14 14 14 14 14 14 14 14 14 14 14 14 14 14 14 14 14 14 14 14 14 14 14 14 14 14 14 14 14 14 14 14 14 14 14 14 14 14 14 14 14 14 14 14 14 12 12 
12 12 12 12 12 12 12 12 12 12 12 12 12 12 12 12 12 12 12 12 12 12 12 12 12 12 12 12 12 12 12 12 12 12 12 12 12 12 12 12 12 12 12 12 12 12 12 12 12 12 12 12 12 12 12 12 12 12 12 12 12 12 12 12 12 12 12 12 12 12 12 12 12 12 12 
12 12 12 12 12 12 12 12 12 12 12 12 12 12 12 12 12 12 12 12 12 12 12 12 12 12 12 12 12 12 12 12 12 12 12 12 12 12 12 12 12 12 12 12 12 12 12 12 12 12 12 12 12 12 12 12 12 12 12 12 12 12 12 12 12 12 12 12 12 12 12 12 12 12 12 
