22 150
12 12 12 12 12 12 12 12 12 12 12 12 12 12 12 12 12 12 12 12 12 12 12 12 12 12 12 12 12 12 12 12 12 12 12 12 12 12 12 12 12 12 12 12 12 12 12 12 12 12 12 12 12 12 12 12 12 12 12 12 12 12 12 12 12 12 12 12 12 12 12 12 12 12 12 12 12 12 12 12 12 12 12 12 12 12 12 12 12 12 12 12 12 12 12 12 12 12 12 12 12 12 12 12 12 12 12 12 12 12 12 12 12 12 12 12 12 12 12 12 12 12 12 12 12 12 12 12 12 12 12 12 12 12 12 12 12 12 12 12 12 12 12 12 12 12 12 12 12 12 
12 12 12 12 12 12 12 12 12 12 12 12 12 12 12 12 12 12 12 12 12 12 12 12 12 12 12 12 12 12 12 12 12 12 12 12 12 12 12 12 12 12 12 12 12 12 12 12 12 12 12 12 12 12 12 12 12 12 12 12 12 12 12 12 12 12 12 12 12 12 12 12 12 12 12 12 12 12 12 12 12 12 12 12 12 12 12 12 12 12 12 12 12 12 12 12 12 12 12 12 12 12 12 12 12 12 12 12 12 12 12 12 12 12 12 12 12 12 12 12 12 12 12 12 12 12 12 12 12 12 12 12 12 12 12 12 12 12 12 12 12 12 12 12 12 12 12 12 12 12 
12 12 14 14 14 14 14 14 14 14 14 14 14 14 14 14 14 14 14 14 14 14 14 14 14 14 14 14 14 14 14 14 14 14 14 14 14 14 14 14 14 14 14 14 14 14 14 14 14 14 14 14 14 14 14 14 14 14 14 14 14 14 14 14 14 14 14 14 14 14 14 14 14 14 14 14 14 14 14 14 14 14 14 14 14 14 14 14 14 14 14 14 14 14 14 14 14 14 14 14 14 14 14 14 14 14 14 14 14 14 14 14 14 14 14 14 14 14 14 14 14 14 14 14 14 14 14 14 14 14 14 14 14 14 14 14 14 14 14 14 14 14 14 14 14 14 14 14 12 12 
12 12 14 14 14 14 14 14 14 14 14 14 14 14 14 14 14 14 14 14 14 14 14 14 14 14 14 14 14 14 14 14 14 14 14 14 14 14 14 14 14 14 14 14 14 14 14 14 14 14 14 14 14 14 14 14 14 14 14 14 14 14 14 14 14 14 14 14 14 14 14 14 14 14 14 14 14 14 14 14 14 14 14 14 14 14 14 14 14 14 14 14 14 14 14 14 14 14 14 14 14 14 14 14 14 14 14 14 14 14 14 14 14 14 14 14 14 14 14 14 14 14 14 14 14 14 14 14 14 14 14 14 14 14 14 14 14 14 14 14 14 14 14 14 14 14 14 14 12 12 
12 12 14 14 14 14 14 14 14 14 14 14 10 10 10 14 14 14 14 14 14 14 14 14 14 14 14 10 10 10 10 10 10 14 14 14 14 14 14 14 10 10 10 10 10 10 14 14 14 14 14 10 10 10 10 10 10 10 14 14 14 14 14 14 14 14 14 14 14 14 14 14 14 14 14 14 14 14 10 10 10 10 10 10 10 10 10 10 14 14 14 14 14 10 10 10 10 10 10 14 14 14 14 14 10 10 10 14 14 14 14 14 14 14 14 10 10 10 14 14 14 10 10 10 10 10 10 10 10 10 10 14 14 14 14 14 14 14 14 14 14 14 14 14 14 14 14 14 12 12 
12 12 14 14 14 14 14 14 14 14 14 14 10 10 10 14 14 14 14 14 14 14 14 14 14 14 10 10 10 10 10 10 10 10 14 14 14 14 14 10 10 10 10 10 10 10 10 14 14 14 14 10 10 10 10 10 10 10 10 14 14 14 14 14 14 14 14 14 14 14 14 14 14 14 14 14 14 14 10 10 10 10 10 10 10 10 10 10 14 14 14 14 10 10 10 10 10 10 10 10 14 14 14 14 10 10 10 10 14 14 14 14 14 14 10 10 10 10 14 14 14 10 10 10 10 10 10 10 10 10 10 14 14 14 14 14 14 14 14 14 14 14 14 14 14 14 14 14 12 12 
12 12 14 14 14 14 14 14 14 14 14 14 10 10 10 14 14 14 14 14 14 14 14 14 14 10 10 10 14 14 14 14 10 10 10 14 14 14 14 10 10 14 14 14 14 10 10 14 14 14 14 10 10 14 14 14 14 10 10 10 14 14 14 14 14 14 14 14 14 14 14 14 14 14 14 14 14 14 10 10 10 14 14 14 14 14 14 14 14 14 14 14 10 10 14 14 14 14 10 10 14 14 14 14 10 10 10 10 14 14 14 14 14 14 10 10 10 10 14 14 14 10 10 10 14 14 14 14 14 14 14 14 14 14 14 14 14 14 14 14 14 14 14 14 14 14 14 14 12 12 
12 12 14 14 14 14 14 14 14 14 14 14 10 10 10 14 14 14 14 14 14 14 14 14 14 10 10 14 14 14 14 14 14 10 10 14 14 14 10 10 10 14 14 14 14 10 10 10 14 14 14 10 10 14 14 14 14 14 10 10 14 14 14 14 14 14 14 14 14 14 14 14 14 14 14 14 14 14 10 10 10 14 14 14 14 14 14 14 14 14 14 10 10 10 14 14 14 14 10 10 10 14 14 14 10 10 10 10 10 14 14 14 14 10 10 10 10 10 14 14 14 10 10 10 14 14 14 14 14 14 14 14 14 14 14 14 14 14 14 14 14 14 14 14 14 14 14 14 12 12 
12 12 14 14 14 14 14 14 14 14 14 14 10 10 10 14 14 14 14 14 14 14 14 14 14 10 10 14 14 14 14 14 14 10 10 14 14 14 10 10 14 14 14 14 14 14 10 10 14 14 14 10 10 14 14 14 14 14 10 10 10 14 14 14 14 14 14 14 14 14 14 14 14 14 14 14 14 14 10 10 10 14 14 14 14 14 14 14 14 14 14 10 10 14 14 14 14 14 14 10 10 14 14 14 10 10 14 10 10 10 14 14 10 10 10 14 10 10 14 14 14 10 10 10 14 14 14 14 14 14 14 14 14 14 14 14 14 14 14 14 14 14 14 14 14 14 14 14 12 12 
12 12 14 14 14 14 14 14 14 14 14 14 10 10 10 14 14 14 14 14 14 14 14 14 14 10 10 14 14 14 14 14 14 10 10 14 14 14 10 10 14 14 14 14 14 14 10 10 14 14 14 10 10 14 14 14 14 14 14 10 10 14 14 14 14 14 14 14 14 14 14 14 14 14 14 14 14 14 10 10 10 14 14 14 14 14 14 14 14 14 14 10 10 14 14 14 14 14 14 10 10 14 14 14 10 10 14 14 10 10 10 10 10 10 14 14 10 10 14 14 14 10 10 10 10 10 10 10 10 10 10 14 14 14 14 14 14 14 14 14 14 14 14 14 14 14 14 14 12 12 
12 12 14 14 14 14 14 14 14 14 14 14 10 10 10 14 14 14 14 14 14 14 14 14 14 10 10 14 14 14 14 14 14 10 10 14 14 14 10 10 10 10 10 10 10 10 10 10 14 14 14 10 10 14 14 14 14 14 14 10 10 14 14 14 14 14 14 14 14 14 14 14 14 14 14 14 14 14 10 10 10 14 14 10 10 10 10 10 14 14 14 10 10 10 10 10 10 10 10 10 10 14 14 14 10 10 14 14 14 10 10 10 10 14 14 14 10 10 14 14 14 10 10 10 10 10 10 10 10 10 10 14 14 14 14 14 14 14 14 14 14 14 14 14 14 14 14 14 12 12 
12 12 14 14 14 14 14 14 14 14 14 14 10 10 10 14 14 14 14 14 14 14 14 14 14 10 10 14 14 14 14 14 14 10 10 14 14 14 10 10 10 10 10 10 10 10 10 10 14 14 14 10 10 14 14 14 14 14 14 10 10 14 14 14 14 14 14 14 14 14 14 14 14 14 14 14 14 14 10 10 10 14 14 10 10 10 10 10 14 14 14 10 10 10 10 10 10 10 10 10 10 14 14 14 10 10 14 14 14 14 10 10 14 14 14 14 10 10 14 14 14 10 10 10 10 10 10 10 10 10 10 14 14 14 14 14 14 14 14 14 14 14 14 14 14 14 14 14 12 12 
12 12 14 14 14 14 14 14 14 14 14 14 10 10 10 14 14 14 14 14 14 14 14 14 14 10 10 14 14 14 14 14 14 10 10 14 14 14 10 10 14 14 14 14 14 14 10 10 14 14 14 10 10 14 14 14 14 14 10 10 10 14 14 14 14 14 14 14 14 14 14 14 14 14 14 14 14 14 10 10 10 14 14 14 14 14 10 10 14 14 14 10 10 14 14 14 14 14 14 10 10 14 14 14 10 10 14 14 14 14 14 14 14 14 14 14 10 10 14 14 14 10 10 10 14 14 14 14 14 14 14 14 14 14 14 14 14 14 14 14 14 14 14 14 14 14 14 14 12 12 
12 12 14 14 14 14 14 14 14 14 14 14 10 10 10 14 14 14 14 14 14 14 14 14 14 10 10 14 14 14 14 14 14 10 10 14 14 14 10 10 14 14 14 14 14 14 10 10 14 14 14 10 10 14 14 14 14 14 10 10 14 14 14 14 14 14 14 14 14 14 14 14 14 14 14 14 14 14 10 10 10 14 14 14 14 14 10 10 14 14 14 10 10 14 14 14 14 14 14 10 10 14 14 14 10 10 14 14 14 14 14 14 14 14 14 14 10 10 14 14 14 10 10 10 14 14 14 14 14 14 14 14 14 14 14 14 14 14 14 14 14 14 14 14 14 14 14 14 12 12 
12 12 14 14 14 14 14 14 14 14 14 14 10 10 10 14 14 14 14 14 14 14 14 14 14 10 10 10 14 14 14 14 10 10 10 14 14 14 10 10 14 14 14 14 14 14 10 10 14 14 14 10 10 14 14 14 14 10 10 10 14 14 14 14 14 14 14 14 14 14 14 14 14 14 14 14 14 14 10 10 10 14 14 14 14 14 10 10 14 14 14 10 10 14 14 14 14 14 14 10 10 14 14 14 10 10 14 14 14 14 14 14 14 14 14 14 10 10 14 14 14 10 10 10 14 14 14 14 14 14 14 14 14 14 14 14 14 14 14 14 14 14 14 14 14 14 14 14 12 12 
12 12 14 14 14 14 14 14 14 14 14 14 10 10 10 10 10 10 10 10 10 10 14 14 14 14 10 10 10 10 10 10 10 10 14 14 14 14 10 10 14 14 14 14 14 14 10 10 14 14 14 10 10 10 10 10 10 10 10 14 14 14 14 14 14 14 14 14 14 14 14 14 14 14 14 14 14 14 10 10 10 10 10 10 10 10 10 10 14 14 14 10 10 14 14 14 14 14 14 10 10 14 14 14 10 10 14 14 14 14 14 14 14 14 14 14 10 10 14 14 14 10 10 10 10 10 10 10 10 10 10 14 14 14 14 14 14 14 14 14 14 14 14 14 14 14 14 14 12 12 
12 12 14 14 14 14 14 14 14 14 14 14 10 10 10 10 10 10 10 10 10 10 14 14 14 14 14 10 10 10 10 10 10 14 14 14 14 14 10 10 14 14 14 14 14 14 10 10 14 14 14 10 10 10 10 10 10 10 14 14 14 14 14 14 14 14 14 14 14 14 14 14 14 14 14 14 14 14 10 10 10 10 10 10 10 10 10 10 14 14 14 10 10 14 14 14 14 14 14 10 10 14 14 14 10 10 14 14 14 14 14 14 14 14 14 14 10 10 14 14 14 10 10 10 10 10 10 10 10 10 10 14 14 14 14 14 14 14 14 14 14 14 14 14 14 14 14 14 12 12 
12 12 14 14 14 14 14 14 14 14 14 14 14 14 14 14 14 14 14 14 14 14 14 14 14 14 14 14 14 14 14 14 14 14 14 14 14 14 14 14 14 14 14 14 14 14 14 14 14 14 14 14 14 14 14 14 14 14 14 14 14 14 14 14 14 14 14 14 14 14 14 14 14 14 14 14 14 14 14 14 14 14 14 14 14 14 14 14 14 14 14 14 14 14 14 14 14 14 14 14 14 14 14 14 14 14 14 14 14 14 14 14 14 14 14 14 14 14 14 14 14 14 14 14 14 14 14 14 14 14 14 14 14 14 14 14 14 14 14 14 14 14 14 14 14 14 14 14 12 12 
12 12 14 14 14 14 14 14 14 14 14 14 14 14 14 14 14 14 14 14 14 14 14 14 14 14 14 14 14 14 14 14 14 14 14 14 14 14 14 14 14 14 14 14 14 14 14 14 14 14 14 14 14 14 14 14 14 14 14 14 14 14 14 14 14 14 14 14 14 14 14 14 14 14 14 14 14 14 14 14 14 14 14 14 14 14 14 14 14 14 14 14 14 14 14 14 14 14 14 14 14 14 14 14 14 14 14 14 14 14 14 14 14 14 14 14 14 14 14 14 14 14 14 14 14 14 14 14 14 14 14 14 14 14 14 14 14 14 14 14 14 14 14 14 14 14 14 14 12 12 
12 12 14 14 14 14 14 14 14 14 14 14 14 14 14 14 14 14 14 14 14 14 14 14 14 14 14 14 14 14 14 14 14 14 14 14 14 14 14 14 14 14 14 14 14 14 14 14 14 14 14 14 14 14 14 14 14 14 14 14 14 14 14 14 14 14 14 14 14 14 14 14 14 14 14 14 14 14 14 14 14 14 14 14 14 14 14 14 14 14 14 14 14 14 14 14 14 14 14 14 14 14 14 14 14 14 14 14 14 14 14 14 14 14 14 14 14 14 14 14 14 14 14 14 14 14 14 14 14 14 14 14 14 14 14 14 14 14 14 14 14 14 14 14 14 14 14 14 12 12 
12 12 12 12 12 12 12 12 12 12 12 12 12 12 12 12 12 12 12 12 12 12 12 12 12 12 12 12 12 12 12 12 12 12 12 12 12 12 12 12 12 12 12 12 12 12 12 12 12 12 12 12 12 12 12 12 12 12 12 12 12 12 12 12 12 12 12 12 12 12 12 12 12 12 12 12 12 12 12 12 12 12 12 12 12 12 12 12 12 12 12 12 12 12 12 12 12 12 12 12 12 12 12 12 12 12 12 12 12 12 12 12 12 12 12 12 12 12 12 12 12 12 12 12 12 12 12 12 12 12 12 12 12 12 12 12 12 12 12 12 12 12 12 12 12 12 12 12 12 12 
12 12 12 12 12 12 12 12 12 12 12 12 12 12 12 12 12 12 12 12 12 12 12 12 12 12 12 12 12 12 12 12 12 12 12 12 12 12 12 12 12 12 12 12 12 12 12 12 12 12 12 12 12 12 12 12 12 12 12 12 12 12 12 12 12 12 12 12 12 12 12 12 12 12 12 12 12 12 12 12 12 12 12 12 12 12 12 12 12 12 12 12 12 12 12 12 12 12 12 12 12 12 12 12 12 12 12 12 12 12 12 12 12 12 12 12 12 12 12 12 12 12 12 12 12 12 12 12 12 12 12 12 12 12 12 12 12 12 12 12 12 12 12 12 12 12 12 12 12 12 
