18 36
16 16 16 16 16 16 16 16 16 16 16 16 16 16 16 16 16 16 16 16 7 7 7 7 7 7 7 7 7 7 7 7 7 7 7 7 
16 16 16 16 16 16 16 16 16 16 16 16 16 7 7 7 7 7 7 7 7 7 7 7 7 7 7 8 8 8 7 7 7 7 7 7 
16 16 16 16 16 16 16 16 16 16 16 7 7 7 7 7 7 7 7 7 7 7 7 7 8 8 8 8 8 8 7 7 7 7 7 7 
16 16 16 16 16 16 16 16 16 7 7 7 7 7 7 7 7 7 7 7 8 8 8 8 8 8 7 7 7 7 7 7 7 7 7 7 
16 16 16 16 16 16 16 7 7 7 7 7 7 7 7 7 8 8 8 8 8 8 8 8 8 7 7 7 7 7 7 7 7 7 7 7 
16 16 16 16 16 7 7 7 7 7 7 7 7 8 8 8 8 8 8 8 8 7 7 7 7 7 7 7 7 7 7 7 7 7 7 7 
16 16 16 16 7 7 7 7 7 7 8 8 8 8 8 8 8 7 7 7 7 7 7 7 7 7 7 7 7 7 7 7 7 7 7 7 
16 16 7 7 7 7 7 7 7 7 7 7 8 8 8 8 8 8 7 7 7 7 7 7 7 7 7 7 7 7 7 7 7 7 7 7 
16 7 7 7 7 7 7 7 7 7 7 7 7 7 8 8 8 8 8 8 7 7 7 7 7 7 7 7 7 7 7 7 7 7 16 16 
7 7 7 7 7 7 7 7 7 7 7 7 7 7 7 7 8 8 8 8 8 8 7 7 7 7 7 7 7 7 7 7 7 7 16 16 
7 7 7 7 7 7 7 7 7 7 7 7 7 7 7 7 7 8 8 8 8 8 8 8 7 7 7 7 7 7 7 7 16 16 16 16 
7 7 7 7 7 7 7 7 7 7 7 7 7 7 7 8 8 8 8 8 8 7 7 7 7 7 7 7 7 7 7 16 16 16 16 16 
7 7 7 7 7 7 7 7 7 7 7 8 8 8 8 8 8 8 7 7 7 7 7 7 7 7 7 7 7 7 7 16 16 16 16 16 
7 7 7 7 7 7 7 7 8 8 8 8 8 8 8 7 7 7 7 7 7 7 7 7 7 7 7 7 7 16 16 16 16 16 16 16 
7 7 7 7 7 7 8 8 8 8 8 7 7 7 7 7 7 7 7 7 7 7 7 7 7 7 7 16 16 16 16 16 16 16 16 16 
7 7 7 7 8 8 8 8 8 7 7 7 7 7 7 7 7 7 7 7 7 7 7 7 16 16 16 16 16 16 16 16 16 16 16 16 
7 7 7 7 8 8 7 7 7 7 7 7 7 7 7 7 7 7 7 7 16 16 16 16 16 16 16 16 16 16 16 16 16 16 16 16 
7 7 7 7 7 7 7 7 7 7 7 7 7 7 7 7 7 7 16 16 16 16 16 16 16 16 16 16 16 16 16 16 16 16 16 16 
