70 100
2 2 2 2 2 2 2 2 2 2 2 2 2 2 2 2 2 2 2 2 2 2 2 2 2 2 2 2 2 2 2 2 2 2 2 2 2 2 2 2 2 2 2 2 2 2 2 2 2 2 2 2 2 2 2 2 2 2 2 2 2 2 2 2 2 2 2 2 2 2 2 2 2 2 2 2 2 2 2 2 2 2 2 2 2 2 2 2 2 2 2 2 2 2 2 2 2 2 2 2 
2 2 10 10 10 10 10 10 10 10 10 10 10 10 10 10 10 10 10 10 10 10 10 10 10 10 10 10 10 10 10 10 10 10 10 10 10 10 10 10 10 10 10 10 10 10 10 10 10 10 10 10 10 10 10 10 10 10 10 10 10 10 10 10 10 10 10 10 10 10 10 10 10 10 10 10 10 10 10 10 10 10 10 10 10 10 10 10 10 10 10 10 10 10 10 10 10 10 2 2 
2 2 10 10 10 10 10 10 10 10 10 10 10 10 10 10 10 10 10 10 10 10 10 10 10 10 10 10 10 10 10 10 10 10 10 10 10 10 10 10 10 10 10 10 10 10 10 10 10 10 10 10 10 10 10 10 10 10 10 10 10 10 10 10 10 10 10 10 10 10 10 10 10 10 10 10 10 10 10 10 10 10 10 10 10 10 10 10 10 10 10 10 10 10 10 10 10 10 2 2 
2 2 10 10 10 10 10 10 10 10 10 10 10 10 10 10 10 10 10 10 10 10 10 10 10 10 10 10 10 10 10 10 10 10 10 10 10 10 10 10 10 10 10 10 10 10 10 10 10 10 10 10 10 10 10 10 10 10 10 10 10 10 10 10 10 10 10 10 10 10 10 10 10 10 10 10 10 10 10 10 10 10 10 10 10 10 10 10 10 10 10 10 10 10 10 10 10 10 2 2 
2 2 10 10 10 10 10 10 10 10 10 10 10 10 10 10 10 10 10 10 10 10 10 10 10 10 10 10 10 10 10 10 10 10 10 10 10 10 10 10 10 10 10 10 10 10 10 10 10 10 10 10 10 10 10 10 10 10 10 10 10 10 10 10 10 10 10 10 10 10 10 10 10 10 10 10 10 10 10 10 10 10 10 10 0 0 0 0 0 0 0 0 10 10 10 10 10 10 2 2 
2 2 10 10 10 10 10 10 10 10 10 10 10 10 10 10 10 10 10 10 10 10 10 10 10 10 10 10 10 10 10 10 10 10 10 10 10 10 10 10 10 10 10 10 10 10 10 10 10 10 10 10 10 10 10 10 10 10 10 10 10 10 10 10 10 10 10 10 10 10 10 10 10 10 10 10 10 10 0 0 0 0 0 0 15 15 15 15 15 15 15 15 0 10 10 10 10 10 2 2 
2 2 10 10 10 10 10 10 10 10 10 10 10 10 10 10 10 4 4 4 10 10 10 10 10 10 10 10 10 10 10 10 10 10 10 10 10 10 10 10 10 10 10 10 10 10 10 10 10 10 10 10 10 10 10 10 10 10 10 10 10 10 10 10 10 10 10 10 10 10 10 10 10 10 10 10 10 10 0 0 0 0 0 0 15 15 15 15 15 15 15 15 0 10 10 10 10 10 2 2 
2 2 10 10 10 10 10 10 10 10 10 10 10 10 4 4 4 12 12 12 4 10 10 10 10 10 10 10 10 10 10 10 10 10 10 10 10 10 10 10 10 10 10 10 10 10 10 10 10 10 10 10 10 10 10 10 10 10 10 10 10 10 10 10 10 10 10 10 10 10 10 10 10 10 10 10 0 0 0 15 15 15 15 15 15 15 15 15 15 15 15 15 0 10 10 10 10 10 2 2 
2 2 10 10 10 10 10 10 10 10 10 10 10 4 12 12 4 4 12 12 4 10 10 10 10 10 10 10 10 10 10 10 10 10 10 10 10 10 10 10 10 10 10 10 10 10 10 10 10 10 10 10 10 10 10 10 10 10 10 10 10 10 10 10 10 10 10 10 10 10 10 10 10 10 10 0 15 15 15 15 15 15 15 15 15 15 15 15 15 15 15 15 0 10 10 10 10 10 2 2 
2 2 10 10 10 10 10 10 10 10 10 10 10 4 12 12 12 12 12 12 4 10 10 10 10 10 10 10 10 10 10 10 10 10 10 10 10 10 10 10 10 10 10 10 10 10 10 10 10 10 10 10 10 10 10 10 10 10 10 10 10 10 10 10 10 10 10 10 10 10 10 10 10 0 0 0 15 15 15 15 15 15 15 15 15 15 15 15 15 15 15 15 0 10 10 10 10 10 2 2 
2 2 10 10 10 10 10 10 10 10 10 10 10 4 4 12 12 12 12 12 12 4 10 10 10 10 10 10 10 10 10 10 10 10 10 10 10 10 10 10 10 10 10 10 10 10 10 10 10 10 10 10 10 10 10 10 10 10 10 10 10 10 10 10 10 10 10 10 10 10 0 0 0 15 15 15 15 15 15 15 15 15 15 15 15 15 15 15 15 15 15 15 0 10 10 10 10 10 2 2 
2 2 10 10 10 10 10 10 10 10 10 10 10 10 4 4 4 4 4 4 4 4 4 10 10 10 10 10 10 10 10 10 10 10 10 10 10 10 10 10 10 10 10 10 10 10 10 10 10 10 10 10 10 10 10 10 10 10 10 10 10 10 10 10 10 10 10 10 10 0 15 15 15 15 15 15 15 15 15 15 15 15 15 15 15 15 15 15 15 0 0 0 10 10 10 10 10 10 2 2 
2 2 10 10 10 10 10 10 10 10 10 10 10 10 10 10 10 10 10 10 10 10 10 10 10 10 10 10 10 10 10 10 10 10 10 10 10 10 10 10 10 10 10 10 10 10 10 10 10 10 10 10 10 10 10 10 10 10 10 10 10 10 10 10 10 10 10 10 10 0 15 15 15 15 15 15 15 15 15 15 15 15 15 15 15 15 15 15 15 0 10 10 10 10 10 10 10 10 2 2 
2 2 10 10 10 10 10 10 10 10 10 10 10 10 10 10 10 10 10 10 10 10 10 10 10 10 10 10 10 10 10 10 10 10 10 10 10 10 10 10 10 10 10 10 10 10 10 10 10 10 10 10 10 10 10 10 10 10 10 10 10 10 10 10 10 10 10 10 10 0 15 15 15 15 15 15 15 15 15 15 15 15 15 15 15 15 15 15 15 0 10 10 10 10 10 10 10 10 2 2 
2 2 10 10 10 10 10 10 10 10 10 10 10 10 10 10 10 10 10 10 10 10 10 10 10 0 0 0 0 0 0 0 0 0 0 0 0 0 0 10 10 10 10 10 10 10 10 10 10 10 10 10 10 10 10 10 10 10 10 10 10 10 10 10 10 10 10 0 0 0 15 15 15 15 15 15 15 15 15 15 15 15 15 15 15 15 15 15 15 0 10 10 10 10 10 10 10 10 2 2 
2 2 10 10 10 10 10 10 10 10 10 10 10 10 10 10 10 10 10 10 0 0 0 0 0 15 15 15 15 15 15 15 15 15 15 15 15 15 15 0 0 0 10 10 10 10 10 10 10 10 10 10 10 10 10 10 10 10 10 10 10 10 10 10 10 10 0 15 15 15 15 15 15 15 15 15 15 15 15 15 15 15 15 15 15 15 15 15 15 0 10 10 10 10 10 10 10 10 2 2 
2 2 10 10 10 10 10 10 10 10 10 10 10 10 10 10 10 10 10 0 15 15 15 15 15 15 15 15 15 15 15 15 15 15 15 15 15 15 15 15 15 15 0 10 10 10 10 10 10 10 10 10 10 10 10 10 10 10 10 10 10 10 10 10 10 10 0 15 15 15 15 15 15 15 15 15 15 15 15 15 15 15 15 15 15 15 15 0 0 10 10 10 10 10 10 10 10 10 2 2 
2 2 10 10 10 10 10 10 10 10 10 10 10 10 10 10 10 0 0 0 15 15 15 15 15 15 15 15 15 15 15 15 15 15 15 15 15 15 15 15 15 15 0 10 10 10 10 10 10 10 10 10 10 10 10 10 10 10 10 10 10 10 10 10 0 0 0 15 15 15 15 15 15 15 15 15 15 15 15 15 15 15 15 15 15 15 15 0 10 10 10 10 10 10 10 10 10 10 2 2 
2 2 10 10 10 10 10 10 10 10 10 10 10 10 0 0 0 15 15 15 15 15 15 15 15 15 15 15 15 15 15 15 15 15 15 15 15 15 15 15 15 15 0 0 0 10 10 10 10 10 10 10 10 10 10 10 10 10 10 10 10 10 10 0 15 15 15 15 15 15 0 0 0 15 15 15 15 15 15 15 15 15 15 15 15 15 15 0 10 10 10 10 10 10 10 10 10 10 2 2 
2 2 10 10 10 10 10 10 10 10 10 10 10 0 15 15 15 15 15 15 15 15 15 15 15 15 15 15 15 15 15 15 15 15 15 15 15 15 15 15 15 15 15 15 15 0 10 10 10 10 10 10 10 10 10 10 10 10 10 10 10 10 10 0 15 15 15 0 0 0 15 15 15 15 15 15 15 15 15 15 15 15 15 15 0 0 0 10 10 10 10 10 10 10 10 10 10 10 2 2 
2 2 10 10 10 10 10 10 10 10 10 0 0 0 15 15 15 15 15 15 15 15 15 15 15 15 15 15 15 15 15 15 15 15 15 15 15 15 15 15 15 15 15 15 15 0 10 10 10 10 10 10 10 10 10 10 10 10 10 10 10 10 10 0 15 15 15 0 0 0 15 15 15 15 15 15 15 15 15 15 15 15 15 15 0 10 10 10 10 10 10 10 10 10 10 10 10 10 2 2 
2 2 10 10 10 10 10 10 10 10 0 15 15 15 15 15 15 15 15 15 15 15 15 15 15 15 15 15 15 15 15 15 15 15 0 0 0 15 15 0 0 0 15 15 15 0 0 0 10 10 10 10 10 10 10 10 10 10 10 10 10 0 0 0 15 15 15 0 0 0 15 15 15 15 15 15 15 15 15 15 15 15 15 15 0 10 10 10 10 10 10 10 10 10 10 10 10 10 2 2 
2 2 10 10 10 10 10 10 10 10 0 15 15 15 15 15 15 15 15 15 15 15 15 15 15 15 15 15 15 15 15 0 0 0 0 0 15 15 15 0 0 0 0 0 0 15 15 15 0 10 10 10 10 10 10 10 10 10 10 10 10 0 15 15 0 0 0 0 0 0 15 15 15 15 15 15 15 15 15 15 15 0 0 0 10 10 10 10 10 10 10 10 10 10 10 10 10 10 2 2 
2 2 10 10 10 10 10 10 0 0 0 15 15 15 15 15 15 15 15 15 15 15 15 15 15 15 15 15 15 15 15 0 0 0 15 15 15 15 15 15 15 15 0 0 0 15 15 15 0 10 10 10 10 10 10 10 10 10 10 10 10 0 15 15 0 0 0 15 15 15 15 15 15 15 15 15 15 15 15 15 15 0 10 10 10 10 10 10 10 10 10 10 10 10 10 10 10 10 2 2 
2 2 10 10 10 10 0 0 0 15 15 15 15 15 15 15 15 15 15 15 15 15 15 15 15 15 15 15 0 0 0 15 15 15 15 15 15 15 15 15 15 15 0 0 0 15 15 15 0 0 0 10 10 10 10 10 10 10 0 0 0 0 15 15 0 0 0 15 15 15 15 15 15 15 15 15 15 15 15 15 15 0 4 4 4 4 4 10 4 4 4 4 4 10 10 10 10 10 2 2 
2 2 10 10 10 10 0 0 0 15 15 15 15 15 15 15 15 15 15 15 15 15 15 15 15 7 0 0 10 10 10 15 15 15 15 15 15 15 15 15 15 15 0 0 0 0 0 15 15 15 0 10 10 0 0 15 0 10 0 15 15 15 0 0 0 0 0 15 15 15 15 15 15 15 15 15 15 15 7 0 0 4 4 12 12 12 4 4 4 12 12 12 4 4 10 10 10 10 2 2 
2 2 10 10 10 10 0 0 0 15 15 15 15 15 15 15 15 15 15 15 15 15 15 15 15 0 0 10 10 10 10 15 15 15 15 15 15 15 15 15 15 15 15 15 15 0 0 0 15 15 15 0 0 15 15 15 0 10 0 15 15 15 0 0 0 15 15 15 15 15 15 15 15 15 15 15 15 15 0 0 0 4 4 12 12 12 12 4 12 12 12 12 12 4 10 10 10 10 2 2 
2 2 10 10 10 10 0 0 0 15 15 15 15 15 15 15 15 15 15 15 0 0 0 0 0 10 10 10 10 10 10 0 0 0 15 15 15 15 15 15 15 15 15 15 15 0 0 0 15 15 15 0 0 15 15 15 0 0 0 15 15 15 0 0 0 15 15 15 15 15 15 15 15 15 15 15 0 0 10 10 10 10 4 12 12 12 12 4 12 12 12 12 4 4 10 10 10 10 2 2 
2 2 10 10 10 10 10 10 0 0 0 0 0 0 0 0 0 0 0 0 10 10 10 10 10 10 10 10 10 10 10 0 0 0 15 15 15 15 15 15 15 15 0 0 0 15 15 15 15 15 15 15 15 15 15 15 15 15 15 15 15 15 15 15 0 0 0 15 15 15 15 15 15 0 0 0 10 10 10 10 10 10 4 4 12 12 12 12 12 12 12 4 4 10 10 10 10 10 2 2 
2 2 10 10 10 10 10 10 0 0 0 0 0 0 0 0 10 10 10 10 10 10 10 10 10 10 10 10 10 10 10 0 0 0 15 15 15 15 15 15 15 15 0 0 0 15 15 15 15 15 15 15 15 15 15 15 15 15 15 15 15 15 15 15 0 0 0 15 15 15 15 15 15 0 0 0 10 10 10 10 10 10 10 10 4 12 12 12 12 4 4 4 10 10 10 10 10 10 2 2 
2 2 10 10 10 10 10 10 10 10 10 10 10 10 10 10 10 10 10 10 10 10 10 10 10 10 10 10 10 10 0 15 15 15 15 15 15 15 15 15 15 15 15 15 15 15 15 15 15 15 15 15 15 15 15 15 15 15 15 15 15 15 15 15 15 15 15 15 15 15 15 15 15 15 15 15 0 10 10 10 10 10 10 10 4 4 4 4 4 4 10 10 10 10 10 10 10 10 2 2 
2 2 10 10 10 10 10 10 10 10 10 10 10 10 10 10 10 10 10 10 10 10 10 10 10 10 10 10 0 0 0 15 15 15 15 15 15 15 15 15 15 15 15 15 15 15 15 15 15 15 15 15 15 15 15 15 15 15 15 15 15 15 15 15 15 15 15 15 15 15 15 15 15 15 15 15 0 0 10 10 10 10 10 10 10 4 4 4 10 10 10 10 10 10 10 10 10 10 2 2 
2 2 10 10 10 10 10 10 10 10 10 10 10 10 10 10 10 10 10 10 10 10 10 10 10 10 10 0 15 15 15 15 15 15 15 15 15 15 15 15 15 15 15 15 15 15 15 15 15 15 15 15 15 15 15 15 15 15 15 15 15 15 15 15 15 15 15 15 15 15 15 15 15 15 15 15 15 15 0 10 10 10 10 10 10 4 4 10 10 10 10 10 10 10 10 10 10 10 2 2 
2 2 10 10 10 10 10 10 10 10 10 10 10 10 10 10 10 10 10 10 10 10 10 10 10 10 0 0 15 15 15 15 15 15 15 15 15 15 15 15 15 15 15 15 15 15 15 15 15 15 15 15 15 15 15 15 15 15 15 15 15 15 15 15 15 15 15 15 15 15 15 15 15 15 15 15 15 15 0 10 10 10 10 10 10 10 10 10 10 10 10 10 10 10 10 10 10 10 2 2 
2 2 10 10 10 10 10 10 10 10 10 10 10 10 10 10 10 10 10 10 10 10 10 10 10 0 0 0 15 15 15 15 15 15 15 15 15 15 15 15 15 15 15 15 15 15 15 15 15 15 15 15 15 15 15 15 15 15 15 15 15 15 15 15 15 15 15 15 15 15 15 15 15 15 15 15 15 15 0 0 0 10 10 10 10 10 10 10 10 10 10 10 10 10 10 10 10 10 2 2 
2 2 10 10 10 10 10 10 10 10 10 10 10 10 10 10 10 10 10 10 10 10 10 10 0 15 15 15 15 15 15 15 15 15 15 15 15 15 15 15 15 15 15 15 15 15 15 15 15 15 15 15 15 15 15 15 15 15 15 15 15 15 15 15 15 15 15 15 15 15 15 15 15 15 15 15 15 15 15 15 15 0 10 10 10 10 10 10 10 10 10 10 10 10 10 10 10 10 2 2 
2 2 10 10 10 10 10 10 10 10 10 10 10 10 10 10 10 10 10 10 10 10 10 10 0 15 15 15 15 15 15 15 15 15 15 15 15 15 15 15 15 15 15 15 15 15 15 15 15 15 15 15 15 15 15 15 15 15 15 15 15 15 15 15 15 15 15 15 15 15 15 15 15 15 15 15 15 15 15 15 15 0 10 10 10 10 10 10 10 10 10 10 10 10 10 10 10 10 2 2 
2 2 10 10 10 10 10 10 10 10 10 10 10 10 10 10 10 10 10 10 10 10 10 10 0 15 15 15 15 15 15 15 15 15 15 15 15 15 15 15 15 15 15 15 15 15 15 15 15 15 15 15 15 15 15 15 15 15 15 15 15 15 15 15 15 15 15 15 15 15 15 15 15 15 15 15 15 15 15 15 15 0 10 10 10 10 10 10 10 10 10 10 10 10 10 10 10 10 2 2 
2 2 10 10 10 10 10 10 10 10 10 10 10 10 10 10 10 10 10 10 10 10 10 0 0 15 15 15 15 15 15 15 15 15 15 15 15 15 15 15 15 15 0 0 0 15 15 15 15 15 15 15 15 15 15 15 15 15 15 15 15 7 0 0 15 15 15 15 15 15 15 15 15 15 15 15 15 15 15 15 15 0 10 10 10 10 10 10 10 10 10 10 10 10 10 10 10 10 2 2 
2 2 10 10 10 10 10 10 10 10 10 10 10 10 10 10 10 10 10 10 10 0 0 0 0 15 15 15 15 15 15 15 15 15 7 7 7 7 7 7 7 7 0 0 0 15 15 15 15 15 15 15 15 15 15 15 15 15 15 15 15 15 0 0 7 7 7 7 7 7 7 7 7 15 15 15 15 15 15 15 15 0 0 0 10 10 10 10 10 10 10 10 10 10 10 10 10 10 2 2 
2 2 10 10 10 10 10 10 10 10 10 10 10 10 10 10 10 10 10 10 0 0 0 15 15 15 15 15 15 15 15 15 15 15 0 0 0 0 0 0 0 0 15 15 15 15 15 15 15 15 0 0 0 0 0 15 15 15 15 15 15 15 15 15 0 0 0 0 0 0 0 0 0 15 15 15 15 15 15 15 15 15 15 15 0 0 10 10 10 10 10 10 10 10 10 10 10 10 2 2 
2 2 10 10 10 10 10 10 10 10 10 10 10 10 10 10 10 0 0 0 0 0 0 15 15 15 15 15 12 12 12 12 12 12 12 12 15 15 15 15 15 15 15 15 15 0 0 0 0 0 15 15 15 15 0 0 0 0 0 15 15 15 15 15 15 15 15 15 15 15 12 12 12 12 12 12 12 12 15 15 15 15 15 15 0 0 0 0 0 10 10 10 10 10 10 10 10 10 2 2 
2 2 10 10 10 10 10 10 10 10 10 10 10 10 0 0 0 0 10 10 10 10 0 15 15 15 15 15 12 12 12 12 12 12 12 12 15 15 15 15 15 15 15 15 15 15 15 15 15 15 15 15 15 15 15 15 15 15 15 15 15 15 15 15 15 15 15 15 15 15 12 12 12 12 12 12 12 12 15 15 15 15 15 15 0 10 10 10 0 0 0 0 10 10 10 10 10 10 2 2 
2 2 10 10 10 10 10 10 10 10 10 10 10 10 0 10 10 10 10 10 10 10 0 15 15 15 15 15 12 12 12 12 12 12 12 12 15 15 15 15 15 15 15 15 15 15 15 15 15 15 15 15 15 15 15 15 15 15 15 15 15 15 15 15 15 15 15 15 15 15 12 12 12 12 12 12 12 12 15 15 15 15 15 15 0 10 10 10 10 10 10 0 10 10 10 10 10 10 2 2 
2 2 10 10 10 10 10 10 10 10 10 10 10 10 10 10 10 10 10 10 10 10 0 0 0 0 0 0 15 15 15 15 15 15 15 15 15 15 15 15 15 15 15 0 0 15 15 15 15 15 15 0 0 15 15 15 15 15 15 0 0 15 15 15 15 15 15 15 15 15 15 15 15 15 15 15 15 15 0 0 0 0 0 0 0 10 10 10 10 10 10 10 10 10 10 10 10 10 2 2 
2 2 10 10 10 10 10 10 10 10 10 10 10 10 10 10 10 10 10 0 0 0 0 0 0 0 0 0 15 15 15 15 15 15 15 15 15 15 15 15 15 15 15 0 0 15 15 15 15 15 15 0 0 15 15 15 15 15 15 0 0 15 15 15 15 15 15 15 15 15 15 15 15 15 15 15 15 15 0 0 0 0 0 0 0 0 0 0 10 10 10 10 10 10 10 10 10 10 2 2 
2 2 10 10 10 10 10 10 10 10 10 10 10 10 10 10 10 0 0 0 10 10 10 10 0 15 15 15 15 15 15 15 15 15 15 15 15 15 15 15 15 15 15 15 15 0 0 0 0 0 0 7 7 0 0 0 0 0 0 15 15 15 15 15 15 15 15 15 15 15 15 15 15 15 15 15 15 15 15 15 15 0 10 10 10 10 10 0 0 0 10 10 10 10 10 10 10 10 2 2 
2 2 10 10 10 10 10 10 10 10 10 10 10 10 10 10 10 10 10 10 10 10 10 10 10 0 0 0 0 0 0 15 15 15 15 15 15 15 15 15 15 15 15 15 15 15 15 15 15 15 15 0 0 15 15 15 15 15 15 15 15 15 15 15 15 15 15 15 15 15 15 15 15 15 15 15 0 0 0 0 0 10 10 10 10 10 10 10 10 10 10 10 10 10 10 10 10 10 2 2 
2 2 10 10 10 10 10 10 10 10 10 10 10 10 10 10 10 10 10 10 10 10 10 10 10 10 10 10 10 10 0 15 15 15 15 15 15 15 15 15 15 15 15 15 15 15 15 15 15 15 15 0 0 15 15 15 15 15 15 15 15 15 15 15 15 15 15 15 15 15 15 15 15 15 15 15 0 10 10 10 10 10 10 10 10 10 10 10 10 10 10 10 10 10 10 10 10 10 2 2 
2 2 10 10 10 10 10 10 10 10 10 10 10 10 10 10 10 10 10 10 10 10 10 10 10 10 10 10 10 10 10 0 0 0 0 0 0 0 0 0 0 0 15 15 15 15 12 12 12 12 12 15 15 12 12 12 12 15 15 15 15 15 15 15 0 0 0 0 0 0 0 0 0 0 0 0 10 10 10 10 10 10 10 10 10 10 10 10 10 10 10 10 10 10 10 10 10 10 2 2 
2 2 10 10 10 10 10 10 10 10 10 10 10 10 10 10 10 10 10 10 10 10 10 10 10 10 10 10 10 10 10 10 10 10 0 0 7 15 15 15 15 15 15 15 15 12 12 4 4 4 12 4 4 12 4 4 12 12 15 15 15 15 15 15 15 15 15 15 15 15 0 10 10 10 10 10 10 10 10 10 10 10 10 10 10 10 10 10 10 10 10 10 10 10 10 10 10 10 2 2 
2 2 10 10 10 10 10 10 10 10 10 10 10 10 10 10 10 10 10 10 10 10 10 10 10 10 10 10 10 10 10 10 10 10 0 0 7 15 15 15 15 15 15 15 15 12 12 4 4 4 4 4 4 4 4 4 12 12 15 15 15 15 15 15 15 15 15 15 15 15 0 0 0 10 10 10 10 10 10 10 10 10 10 10 10 10 10 10 10 10 10 10 10 10 10 10 10 10 2 2 
2 2 10 10 10 10 10 10 10 10 10 10 10 10 10 10 10 10 10 10 10 10 10 10 10 10 10 10 10 10 10 10 10 0 15 15 15 15 15 15 15 15 0 0 0 15 4 4 4 4 4 15 15 4 4 4 4 15 15 0 0 0 15 15 15 15 15 15 15 15 15 15 15 0 10 10 10 10 10 10 10 10 10 10 10 10 10 10 10 10 10 10 10 10 10 10 10 10 2 2 
2 2 10 10 10 10 10 10 10 10 10 10 10 10 10 10 10 10 10 10 10 10 10 10 10 10 10 10 10 10 10 10 10 0 15 15 15 15 15 15 15 15 0 0 0 15 15 15 15 15 15 15 15 15 15 15 15 15 15 0 0 0 15 15 15 15 15 15 15 15 15 15 15 0 10 10 10 10 10 10 10 10 10 10 10 10 10 10 10 10 10 10 10 10 10 10 10 10 2 2 
2 2 10 10 10 10 10 10 10 10 10 10 10 10 10 10 10 10 10 10 10 10 10 10 10 10 10 10 10 10 10 10 10 0 15 15 15 15 15 15 15 15 15 15 15 0 0 0 15 15 15 15 15 7 7 7 0 0 0 15 15 15 15 15 15 15 15 15 15 15 15 15 15 0 10 10 10 10 10 10 10 10 10 10 10 10 10 10 10 10 10 10 10 10 10 10 10 10 2 2 
2 2 10 10 10 10 10 10 10 10 10 10 10 10 10 10 10 10 10 10 10 10 10 10 10 10 10 10 10 10 10 10 10 0 15 15 15 15 15 15 15 15 15 15 15 15 15 15 0 0 0 15 15 0 0 0 15 15 15 15 15 15 15 15 15 15 15 15 15 15 15 15 15 0 10 10 10 10 10 10 10 10 10 10 10 10 10 10 10 10 10 10 10 10 10 10 10 10 2 2 
2 2 10 10 10 10 10 10 10 10 10 10 10 10 10 10 10 10 10 10 10 10 10 10 10 10 10 10 10 10 10 10 10 0 15 15 15 15 15 0 0 0 15 15 15 15 15 15 15 15 0 15 15 0 15 15 15 15 15 15 15 15 0 0 15 15 15 15 15 15 15 15 15 0 10 10 10 10 10 10 10 10 10 10 10 10 10 10 10 10 10 10 10 10 10 10 10 10 2 2 
2 2 10 10 10 10 10 10 10 10 10 10 10 10 10 10 10 10 10 10 10 10 10 10 10 10 10 10 10 10 10 10 10 0 15 15 15 15 15 0 0 0 15 15 15 15 15 15 15 15 7 0 0 15 15 15 15 15 15 15 15 15 0 0 15 15 15 15 15 15 15 15 15 0 10 10 10 10 10 10 10 10 10 10 10 10 10 10 10 10 10 10 10 10 10 10 10 10 2 2 
2 2 10 10 10 10 10 10 10 10 10 10 10 10 10 10 10 10 10 10 10 10 10 10 10 10 10 10 10 10 10 10 10 0 15 15 15 15 15 15 15 15 0 0 0 15 15 15 15 15 7 0 0 15 15 15 15 15 15 15 15 0 15 15 15 15 15 15 15 15 15 15 15 0 10 10 10 10 10 10 10 10 10 10 10 10 10 10 10 10 10 10 10 10 10 10 10 10 2 2 
2 2 10 10 10 10 10 10 10 10 10 10 10 10 10 10 10 10 10 10 10 10 10 10 10 10 10 10 10 10 10 10 10 0 15 15 15 15 15 15 15 15 0 0 0 15 15 15 15 15 7 0 0 15 15 15 15 15 15 0 0 0 15 15 15 15 15 15 15 15 15 15 15 0 10 10 10 10 10 10 10 10 10 10 10 10 10 10 10 10 10 10 10 10 10 10 10 10 2 2 
2 2 10 10 10 10 10 10 10 10 10 10 10 10 10 10 10 10 10 10 10 10 10 10 10 10 10 10 10 10 10 10 10 0 10 10 15 15 15 15 15 15 15 15 15 0 0 0 0 0 0 15 15 0 0 0 0 0 0 15 15 15 15 15 15 15 15 15 15 15 15 15 15 0 10 10 10 10 10 10 10 10 10 10 10 10 10 10 10 10 10 10 10 10 10 10 10 10 2 2 
2 2 10 10 10 10 10 10 10 10 10 10 10 10 10 10 10 10 10 10 10 10 10 10 10 10 10 10 10 10 10 10 10 10 10 0 15 15 15 15 15 15 15 15 15 15 15 15 15 15 15 15 15 15 15 15 15 15 15 15 15 15 15 15 15 15 15 15 15 15 0 0 10 10 10 10 10 10 10 10 10 10 10 10 10 10 10 10 10 10 10 10 10 10 10 10 10 10 2 2 
2 2 10 10 10 10 10 10 10 10 10 10 10 10 10 10 10 10 10 10 10 10 10 10 10 10 10 10 10 0 0 0 0 0 0 0 15 15 15 15 15 15 15 15 15 15 15 15 15 15 15 15 15 15 15 15 15 15 15 15 15 15 15 15 15 15 15 15 15 15 0 0 0 0 0 0 0 0 0 10 10 10 10 10 10 10 10 10 10 10 10 10 10 10 10 10 10 10 2 2 
2 2 10 10 10 10 10 10 10 10 10 10 10 10 10 10 10 10 10 10 10 10 10 10 10 0 0 0 15 15 15 15 15 15 15 15 0 0 0 0 0 0 15 15 15 15 15 15 15 15 15 15 15 15 15 15 15 15 15 15 15 15 15 15 0 0 0 0 0 0 15 15 15 15 15 15 15 15 0 0 0 10 10 10 10 10 10 10 10 10 10 10 10 10 10 10 10 10 2 2 
2 2 10 10 10 10 10 10 10 10 10 10 10 10 10 10 10 10 10 10 10 10 10 10 0 15 15 15 15 15 15 15 15 15 15 15 15 15 15 15 15 15 0 0 0 0 0 0 0 0 0 0 0 0 0 0 0 0 0 0 0 0 0 0 15 15 15 15 15 15 15 15 15 15 15 15 15 15 15 15 15 0 10 10 10 10 10 10 10 10 10 10 10 10 10 10 10 10 2 2 
2 2 10 10 10 10 10 10 10 10 10 10 10 10 10 10 10 10 10 10 10 10 10 10 0 15 15 15 15 15 15 15 15 15 15 15 15 15 15 15 15 15 0 10 10 10 10 10 10 10 10 10 10 10 10 10 10 10 10 10 10 10 10 0 15 15 15 15 15 15 15 15 15 15 15 15 15 15 15 15 15 0 10 10 10 10 10 10 10 10 10 10 10 10 10 10 10 10 2 2 
2 2 10 10 10 10 10 10 10 10 10 10 10 10 10 10 10 10 10 10 10 10 10 10 10 0 0 0 0 0 0 0 0 0 0 0 0 0 0 0 0 0 10 10 10 10 10 10 10 10 10 10 10 10 10 10 10 10 10 10 10 10 10 10 0 0 0 0 0 0 0 0 0 0 0 0 0 0 0 0 0 10 10 10 10 10 10 10 10 10 10 10 10 10 10 10 10 10 2 2 
2 2 10 10 10 10 10 10 10 10 10 10 10 10 10 10 10 10 10 10 10 10 10 10 10 10 10 10 10 10 10 10 10 10 10 10 10 10 10 10 10 10 10 10 10 10 10 10 10 10 10 10 10 10 10 10 10 10 10 10 10 10 10 10 10 10 10 10 10 10 10 10 10 10 10 10 10 10 10 10 10 10 10 10 10 10 10 10 10 10 10 10 10 10 10 10 10 10 2 2 
2 2 10 10 10 10 10 10 10 10 10 10 10 10 10 10 10 10 10 10 10 10 10 10 10 10 10 10 10 10 10 10 10 10 10 10 10 10 10 10 10 10 10 10 10 10 10 10 10 10 10 10 10 10 10 10 10 10 10 10 10 10 10 10 10 10 10 10 10 10 10 10 10 10 10 10 10 10 10 10 10 10 10 10 10 10 10 10 10 10 10 10 10 10 10 10 10 10 2 2 
2 2 2 2 2 2 2 2 2 2 2 2 2 2 2 2 2 2 2 2 2 2 2 2 2 2 2 2 2 2 2 2 2 2 2 2 2 2 2 2 2 2 2 2 2 2 2 2 2 2 2 2 2 2 2 2 2 2 2 2 2 2 2 2 2 2 2 2 2 2 2 2 2 2 2 2 2 2 2 2 2 2 2 2 2 2 2 2 2 2 2 2 2 2 2 2 2 2 2 2 
