18 36
8 8 8 8 8 8 8 8 8 8 8 8 8 8 8 8 8 8 8 8 11 11 11 11 11 11 11 11 11 11 11 11 11 11 11 11 
8 8 8 8 8 8 8 8 8 8 8 8 8 11 11 11 11 11 11 11 11 11 11 11 11 11 11 9 9 9 11 11 11 11 11 11 
8 8 8 8 8 8 8 8 8 8 8 11 11 11 11 11 11 11 11 11 11 11 11 11 9 9 9 9 9 9 11 11 11 11 11 11 
8 8 8 8 8 8 8 8 8 11 11 11 11 11 11 11 11 11 11 11 9 9 9 9 9 9 11 11 11 11 11 11 11 11 11 11 
8 8 8 8 8 8 8 11 11 11 11 11 11 11 11 11 9 9 9 9 9 9 9 9 9 11 11 11 11 11 11 11 11 11 11 11 
8 8 8 8 8 11 11 11 11 11 11 11 11 9 9 9 9 9 9 9 9 11 11 11 11 11 11 11 11 11 11 11 11 11 11 11 
8 8 8 8 11 11 11 11 11 11 9 9 9 9 9 9 9 11 11 11 11 11 11 11 11 11 11 11 11 11 11 11 11 11 11 11 
8 8 11 11 11 11 11 11 11 11 11 11 9 9 9 9 9 9 11 11 11 11 11 11 11 11 11 11 11 11 11 11 11 11 11 11 
8 11 11 11 11 11 11 11 11 11 11 11 11 11 9 9 9 9 9 9 11 11 11 11 11 11 11 11 11 11 11 11 11 11 0 0 
11 11 11 11 11 11 11 11 11 11 11 11 11 11 11 11 9 9 9 9 9 9 11 11 11 11 11 11 11 11 11 11 11 11 0 0 
11 11 11 11 11 11 11 11 11 11 11 11 11 11 11 11 11 9 9 9 9 9 9 9 11 11 11 11 11 11 11 11 0 0 0 0 
11 11 11 11 11 11 11 11 11 11 11 11 11 11 11 9 9 9 9 9 9 11 11 11 11 11 11 11 11 11 11 0 0 0 0 0 
11 11 11 11 11 11 11 11 11 11 11 9 9 9 9 9 9 9 11 11 11 11 11 11 11 11 11 11 11 11 11 0 0 0 0 0 
11 11 11 11 11 11 11 11 9 9 9 9 9 9 9 11 11 11 11 11 11 11 11 11 11 11 11 11 11 0 0 0 0 0 0 0 
11 11 11 11 11 11 9 9 9 9 9 11 11 11 11 11 11 11 11 11 11 11 11 11 11 11 11 0 0 0 0 0 0 0 0 0 
11 11 11 11 9 9 9 9 9 11 11 11 11 11 11 11 11 11 11 11 11 11 11 11 0 0 0 0 0 0 0 0 0 0 0 0 
11 11 11 11 9 9 11 11 11 11 11 11 11 11 11 11 11 11 11 11 0 0 0 0 0 0 0 0 0 0 0 0 0 0 0 0 
11 11 11 11 11 11 11 11 11 11 11 11 11 11 11 11 11 11 0 0 0 0 0 0 0 0 0 0 0 0 0 0 0 0 0 0 
