15 50
1 1 1 1 1 1 1 1 1 1 1 1 1 1 1 1 1 1 1 1 1 1 1 1 1 1 1 1 1 1 1 1 1 1 1 1 1 1 1 1 1 1 1 1 1 1 1 1 1 1 
1 11 11 11 11 11 11 11 11 11 11 11 11 11 11 11 11 11 11 11 11 11 11 11 11 11 11 11 11 11 11 11 11 11 11 11 11 11 11 11 11 11 11 11 11 11 11 11 11 1 
1 11 11 11 11 11 11 11 11 11 11 11 11 11 11 11 11 11 11 11 11 11 11 11 11 11 11 11 11 11 11 11 11 11 11 11 11 11 11 11 11 11 11 11 11 11 11 11 11 1 
1 11 11 11 11 11 11 11 16 16 16 16 16 16 11 11 11 11 16 16 16 16 11 11 11 16 16 11 11 11 11 16 16 11 11 16 16 16 16 16 16 16 16 11 11 11 11 11 11 1 
1 11 11 11 11 11 11 16 16 16 16 16 16 16 11 11 11 16 16 16 16 16 16 11 11 16 16 11 11 11 11 16 16 11 11 16 16 16 16 16 16 16 16 11 11 11 11 11 11 1 
1 11 11 11 11 11 11 16 16 11 11 11 11 11 11 11 11 16 16 11 11 16 16 11 11 16 16 11 11 11 11 16 16 11 11 16 16 11 11 11 11 11 11 11 11 11 11 11 11 1 
1 11 11 11 11 11 11 16 16 16 16 16 11 11 11 11 16 16 11 11 11 11 16 16 11 16 16 11 11 11 11 16 16 11 11 16 16 16 16 16 16 16 16 11 11 11 11 11 11 1 
1 11 11 11 11 11 11 11 16 16 16 16 16 16 11 11 16 16 16 16 16 16 16 16 11 16 16 11 11 11 11 16 16 11 11 16 16 16 16 16 16 16 16 11 11 11 11 11 11 1 
1 11 11 11 11 11 11 11 11 11 16 16 16 16 16 11 16 16 16 16 16 16 16 16 11 16 16 11 11 11 11 16 16 11 11 16 16 11 11 11 11 11 11 11 11 11 11 11 11 1 
1 11 11 11 11 11 11 11 11 11 11 11 11 16 16 11 16 16 11 11 11 11 16 16 11 16 16 16 11 11 16 16 16 11 11 16 16 11 11 11 11 11 11 11 11 11 11 11 11 1 
1 11 11 11 11 11 11 16 16 16 16 16 16 16 16 11 16 16 11 11 11 11 16 16 11 11 16 16 16 16 16 16 11 11 11 16 16 16 16 16 16 16 16 11 11 11 11 11 11 1 
1 11 11 11 11 11 11 16 16 16 16 16 16 16 11 11 16 16 11 11 11 11 16 16 11 11 11 16 16 16 16 11 11 11 11 16 16 16 16 16 16 16 16 11 11 11 11 11 11 1 
1 11 11 11 11 11 11 11 11 11 11 11 11 11 11 11 11 11 11 11 11 11 11 11 11 11 11 11 11 11 11 11 11 11 11 11 11 11 11 11 11 11 11 11 11 11 11 11 11 1 
1 11 11 11 11 11 11 11 11 11 11 11 11 11 11 11 11 11 11 11 11 11 11 11 11 11 11 11 11 11 11 11 11 11 11 11 11 11 11 11 11 11 11 11 11 11 11 11 11 1 
1 1 1 1 1 1 1 1 1 1 1 1 1 1 1 1 1 1 1 1 1 1 1 1 1 1 1 1 1 1 1 1 1 1 1 1 1 1 1 1 1 1 1 1 1 1 1 1 1 1 
